100 100
42 47 61 24 55 5 23 43 20 65 96 64 55 71 85 33 55 29 97 18 60 14 45 98 53 28 83 1 19 96 91 16 23 42 61 44 59 26 14 17 90 51 94 15 0 73 1 49 52 10 8 70 6 78 5 4 14 17 30 99 0 77 89 12 37 8 63 45 48 8 92 20 92 90 28 0 56 15 86 56 53 0 96 75 24 8 63 48 54 33 50 39 95 0 82 57 14 55 91 36 

85 99 66 100 82 6 58 4 15 35 70 48 14 74 48 41 29 63 37 99 37 71 64 65 95 56 56 0 24 66 57 61 82 19 99 38 60 22 61 48 16 19 49 86 100 71 79 35 3 32 2 37 74 3 19 5 74 56 16 56 86 35 75 72 91 60 30 83 37 7 51 17 54 46 98 36 10 52 80 64 64 61 65 33 44 27 42 73 25 32 63 73 67 4 14 13 38 88 93 15 

57 37 64 91 33 76 69 72 11 13 18 38 94 39 56 25 88 14 78 99 8 99 59 19 55 12 44 37 17 5 70 85 29 84 58 52 25 72 93 17 2 16 88 79 8 67 39 27 96 16 95 34 74 0 88 90 50 100 20 88 13 23 82 14 42 64 24 25 91 37 65 32 6 58 57 26 47 36 89 76 11 94 97 0 37 94 14 9 84 3 25 72 62 87 81 10 18 64 64 94 

12 6 16 55 21 99 15 13 58 89 10 87 68 11 51 63 94 12 23 72 24 23 60 79 3 63 86 41 91 33 70 35 96 11 44 31 58 78 21 38 91 17 49 96 65 73 61 53 58 81 34 89 2 95 5 60 75 99 82 24 81 10 54 37 68 44 20 11 73 13 78 21 7 22 55 74 78 86 95 68 81 76 32 23 75 4 62 15 4 15 100 72 77 60 41 63 33 94 100 87 

86 46 98 60 90 36 2 58 64 68 55 40 66 66 25 32 73 3 68 99 40 5 23 43 89 65 0 56 31 95 12 50 42 35 15 30 99 61 10 64 100 69 11 79 18 86 67 65 65 18 11 96 55 33 28 67 5 31 69 92 10 92 53 61 6 36 14 31 71 43 54 26 84 7 9 2 56 45 7 90 69 1 86 15 55 46 11 31 49 44 45 1 99 7 54 88 35 7 15 37 

25 70 40 6 51 34 75 79 60 93 89 57 10 37 37 1 9 66 93 77 7 65 23 62 56 44 10 2 95 33 0 35 43 90 55 51 43 67 8 82 13 27 75 80 8 76 1 6 13 28 11 50 48 78 60 3 9 23 97 88 27 89 5 70 86 44 7 76 94 55 24 65 100 50 50 64 31 46 24 18 50 10 87 33 0 89 48 58 20 59 22 45 11 12 41 71 90 70 26 62 

58 74 81 60 46 62 34 65 67 100 42 1 69 3 16 17 90 82 87 57 16 62 4 12 91 10 13 69 74 80 63 23 14 17 90 20 34 52 70 46 56 7 1 43 86 73 75 86 60 77 70 77 58 31 96 94 30 90 22 64 64 50 60 10 4 60 11 79 37 89 5 64 47 90 38 53 5 66 46 85 6 0 54 48 15 4 26 25 88 0 26 31 31 83 13 23 62 38 56 88 

47 6 41 68 48 63 54 61 100 50 5 53 89 59 76 2 94 25 94 10 27 95 27 13 3 68 65 13 42 84 28 22 38 73 83 26 37 32 29 32 17 69 50 26 15 94 91 15 90 17 71 87 93 34 72 86 53 5 22 38 23 47 53 50 47 65 73 46 23 72 67 10 87 92 100 98 18 9 93 19 95 81 67 57 63 13 29 1 5 74 59 34 46 90 18 88 91 7 30 84 

99 45 89 93 58 19 94 3 77 91 83 44 92 37 100 60 24 39 34 27 34 87 40 74 2 61 7 47 18 79 84 89 58 22 12 20 1 7 51 82 67 100 7 68 86 47 21 98 55 6 13 14 66 78 38 36 92 93 9 59 46 89 97 86 49 12 2 61 68 56 70 24 67 20 13 76 61 30 64 7 55 33 0 41 73 47 74 49 32 22 5 21 11 86 67 12 68 87 76 45 

83 34 24 69 8 16 91 89 77 33 79 50 33 60 65 48 81 74 64 36 38 24 87 21 87 82 46 95 63 52 54 36 41 43 99 6 59 58 56 49 50 34 28 49 47 47 42 11 6 70 30 70 29 92 33 56 67 52 88 82 29 37 41 10 70 38 24 76 4 20 42 22 52 34 76 77 61 91 12 86 90 13 45 42 62 100 35 13 67 23 86 86 1 50 17 45 18 19 86 68 

13 32 52 50 99 56 98 45 75 8 100 35 33 17 73 11 55 99 17 91 81 72 95 57 45 5 39 14 59 56 2 9 73 99 33 53 5 1 89 83 11 85 86 13 89 3 87 71 22 6 26 77 25 66 22 65 96 67 89 85 97 93 27 60 6 60 30 17 2 93 23 59 13 36 3 97 3 29 52 79 40 74 88 68 94 97 9 2 4 64 10 86 2 98 79 89 45 22 92 21 

92 87 55 89 46 59 24 26 74 85 98 29 7 73 3 96 58 75 63 95 6 45 86 39 26 14 42 56 55 27 76 94 0 50 13 53 22 14 38 80 2 13 75 36 46 89 87 71 56 78 25 79 11 85 27 19 39 12 48 76 81 22 61 55 92 41 51 56 95 100 58 54 85 64 26 37 67 61 38 10 60 30 58 37 8 46 48 49 92 80 37 64 76 50 61 4 47 82 29 91 

20 17 75 25 82 79 4 1 47 74 85 83 65 67 4 6 96 100 18 0 10 98 72 33 99 16 68 7 16 16 14 3 20 22 15 92 74 35 38 11 86 55 72 63 29 99 71 11 19 54 62 98 46 97 62 45 1 60 27 4 81 25 79 32 38 19 13 30 80 5 92 81 61 2 24 59 60 59 56 90 77 37 25 71 68 2 14 23 73 89 43 63 47 7 20 36 97 2 82 82 

81 65 95 2 27 30 33 92 61 73 8 23 0 43 0 27 27 60 25 74 35 29 3 22 98 44 13 41 38 92 69 22 95 15 100 93 5 92 78 70 81 61 28 49 14 57 77 12 51 37 70 65 21 57 13 4 82 22 65 18 85 25 86 51 1 34 92 87 7 59 50 25 94 5 79 92 39 87 47 34 32 21 90 1 53 44 75 97 37 79 95 36 36 22 25 42 20 91 79 100 

55 84 31 11 81 26 43 45 85 3 58 67 56 95 1 8 18 51 22 75 14 56 10 68 15 64 13 39 33 64 91 68 45 26 9 61 69 93 87 79 40 14 89 90 14 89 4 46 28 64 70 70 52 92 31 81 64 70 26 74 99 96 36 64 70 39 68 26 54 49 94 42 60 93 41 76 79 71 17 84 25 45 97 57 43 17 7 91 49 35 92 45 13 35 0 67 72 95 96 83 

95 97 40 47 78 100 52 47 55 0 79 69 21 77 17 24 82 23 72 35 27 21 100 14 81 83 35 48 26 44 17 41 85 81 99 0 3 53 68 78 58 31 66 41 17 23 67 48 62 100 19 61 62 25 6 95 39 14 26 44 47 48 37 32 53 57 90 59 26 15 24 33 51 65 75 91 65 55 59 59 22 81 81 6 55 7 16 4 5 89 83 70 98 15 66 53 82 73 54 85 

44 60 67 1 48 69 68 100 10 47 17 76 11 55 53 87 71 7 43 87 63 39 77 63 91 62 63 92 42 83 55 33 47 93 32 91 56 33 100 15 19 28 67 100 70 58 9 70 9 87 20 72 71 22 29 37 45 39 97 1 28 33 21 55 89 42 67 44 88 81 74 65 23 3 32 37 89 35 59 73 94 99 74 3 68 74 57 30 75 64 57 59 57 23 30 76 58 59 5 15 

51 57 2 7 1 13 26 89 64 65 19 32 65 3 39 58 14 35 82 11 43 32 83 73 21 100 9 32 66 72 9 91 73 73 92 12 30 64 86 16 88 92 0 51 47 41 41 31 6 56 76 19 18 73 6 18 94 75 79 5 90 32 87 35 90 31 93 85 88 39 22 21 0 95 18 54 40 73 57 1 91 79 3 11 66 24 10 50 11 82 81 77 39 24 9 80 43 42 26 4 

49 2 17 54 6 76 84 13 64 96 15 65 18 96 38 37 40 16 39 54 47 90 64 28 3 42 2 91 69 7 32 8 95 37 84 26 32 57 14 55 7 69 4 44 37 5 45 100 18 45 63 29 39 30 28 53 37 72 67 97 51 95 86 91 54 49 1 91 83 39 61 37 48 92 96 91 100 43 53 47 56 26 84 7 59 17 80 63 74 18 84 21 26 94 28 43 39 23 39 45 

42 46 56 98 29 79 66 70 52 8 70 38 31 68 70 40 44 40 17 65 23 100 9 39 79 27 77 47 50 78 78 54 14 77 95 84 30 14 98 92 46 93 25 66 98 74 25 61 24 10 91 28 62 78 13 13 59 41 30 6 98 84 30 16 83 56 7 89 80 17 70 19 30 97 85 90 79 9 73 79 79 19 54 90 13 26 66 33 37 46 7 34 25 60 77 41 96 40 92 15 

71 26 6 7 98 54 20 58 71 91 48 69 38 21 58 74 99 7 79 63 64 89 47 47 86 92 86 26 94 53 77 1 34 60 0 33 10 65 40 73 65 56 89 28 84 63 44 31 84 37 65 77 8 92 83 15 83 26 82 93 24 37 59 94 46 12 64 37 6 65 30 27 4 92 83 2 42 56 77 75 45 22 50 98 79 44 98 42 23 63 34 70 71 74 12 87 52 91 89 96 

47 66 100 93 66 81 13 31 9 79 97 54 50 92 92 55 45 70 10 53 54 7 67 36 38 64 47 83 73 90 43 6 12 46 20 50 62 8 13 59 88 98 10 37 76 53 70 14 57 59 76 96 27 86 5 33 10 28 35 19 52 27 62 91 21 49 13 13 11 57 64 27 40 61 16 75 32 78 31 6 87 34 54 53 0 18 28 69 92 26 76 44 69 44 27 58 12 79 52 33 

15 12 69 22 70 68 22 80 8 73 11 98 39 85 88 28 71 32 39 99 8 67 40 6 65 57 61 15 88 23 45 9 6 14 39 43 72 6 12 58 2 68 12 16 29 34 8 91 97 90 84 31 66 64 38 97 7 49 46 74 44 73 78 37 84 92 78 34 74 3 6 65 61 68 14 87 63 73 99 1 74 32 65 7 4 84 89 8 53 38 16 10 40 27 1 30 82 26 9 34 

57 79 47 7 81 91 20 83 68 67 92 28 3 51 17 51 15 85 100 1 8 78 41 9 61 79 46 25 42 5 81 77 95 57 83 99 51 99 9 68 82 18 14 77 53 45 11 1 95 89 90 1 32 15 56 47 20 69 33 95 99 22 61 71 36 73 13 44 83 21 84 75 44 38 99 72 8 77 70 25 34 40 66 67 45 3 85 35 2 91 79 17 50 96 52 48 41 81 1 56 

53 52 23 81 93 29 41 62 82 15 7 63 75 75 48 35 78 3 64 35 23 0 3 65 31 19 80 6 3 84 33 28 28 76 31 3 53 1 49 85 17 38 15 37 63 82 88 10 22 56 62 47 65 18 81 74 84 24 32 32 39 81 70 43 85 100 43 9 33 0 31 88 23 15 95 34 41 96 15 29 65 78 71 46 44 15 63 3 98 3 36 24 100 19 99 81 90 96 4 41 

47 94 94 40 46 9 37 29 99 4 85 95 71 8 59 31 44 12 48 2 59 76 94 13 100 53 96 22 64 15 52 51 44 84 47 46 51 62 1 54 32 1 12 44 97 66 61 77 81 22 31 29 15 48 73 54 77 74 31 5 30 43 32 26 9 80 97 89 26 21 22 85 35 16 51 81 7 91 2 83 80 68 99 77 51 25 78 33 4 50 84 56 65 29 23 89 79 87 39 14 

82 85 13 8 46 87 31 43 4 42 18 68 71 16 2 3 1 70 18 48 75 57 81 67 79 2 42 57 93 56 50 49 19 1 98 0 71 12 6 33 8 18 22 31 24 92 28 47 22 44 56 30 5 65 42 63 5 14 56 8 31 48 26 53 92 12 2 93 34 17 93 45 6 37 17 47 12 50 40 34 89 55 59 33 91 63 53 82 99 93 65 18 35 72 75 40 100 24 50 4 

43 0 44 70 34 36 60 15 61 81 55 90 1 64 15 46 44 63 34 5 47 44 64 50 42 76 4 70 98 20 54 80 80 87 92 57 21 22 99 12 44 29 95 39 81 77 65 8 62 43 13 14 62 99 41 93 35 81 21 68 28 63 6 37 50 19 29 53 2 3 88 78 99 29 88 65 96 56 97 8 15 84 54 90 20 5 34 10 8 21 36 83 16 81 9 21 35 92 90 96 

21 29 33 46 74 94 86 81 8 52 79 0 42 5 54 25 89 93 100 78 88 76 54 51 36 92 98 96 86 34 68 88 43 50 47 58 20 1 18 23 33 96 15 14 15 77 21 91 43 13 6 61 24 35 72 9 68 23 41 2 84 83 95 68 69 29 65 90 87 7 7 21 90 23 30 5 27 89 97 79 96 94 69 1 89 67 65 97 42 38 63 7 92 38 23 95 19 49 11 39 

22 92 68 98 33 10 70 5 39 51 87 14 77 42 54 54 30 71 30 58 68 21 78 8 34 67 71 49 38 40 21 27 77 9 23 23 86 51 2 9 0 0 91 35 100 87 78 62 78 3 75 21 49 33 77 70 18 27 90 35 48 87 64 64 0 97 88 35 58 76 75 64 28 2 13 23 52 21 19 76 23 66 7 90 49 3 17 34 26 41 10 90 48 5 30 56 99 8 84 5 

27 22 69 52 15 92 42 15 33 88 68 85 51 83 91 89 45 95 80 67 64 9 30 72 60 80 91 14 52 23 39 13 93 19 30 75 78 37 96 80 30 81 73 9 54 41 66 66 15 45 76 9 100 55 79 63 71 84 35 3 77 98 8 74 76 8 28 73 9 15 16 23 100 85 68 24 3 54 7 61 48 6 43 83 9 36 52 22 59 58 77 33 71 66 75 80 88 16 7 79 

83 96 54 2 29 94 1 96 6 79 12 7 97 18 95 73 6 18 81 76 69 63 7 67 79 86 92 47 5 84 95 1 36 66 6 23 75 94 63 53 33 27 43 0 63 87 10 58 8 2 17 95 78 95 95 59 98 34 100 10 72 38 35 16 41 84 37 54 23 33 32 18 34 43 53 75 12 97 46 23 87 68 81 47 73 14 75 30 30 68 53 87 78 21 10 34 35 95 88 32 

88 43 25 22 79 96 49 70 77 65 52 90 1 16 22 50 77 63 30 34 28 22 22 12 20 16 11 29 92 10 9 40 87 74 8 75 75 73 40 32 23 65 28 43 80 13 74 84 89 12 37 34 39 53 87 0 22 7 4 10 46 9 100 71 89 8 40 61 36 56 89 44 95 15 55 49 83 73 29 7 30 49 67 85 59 38 4 46 96 23 51 100 29 15 21 36 81 100 57 48 

25 32 93 41 59 42 57 62 95 5 21 2 45 31 9 63 47 34 56 63 2 2 63 60 22 5 60 87 63 18 49 67 58 71 13 16 48 66 59 90 6 23 1 28 56 12 34 9 86 19 55 88 13 31 41 69 52 48 80 92 80 28 51 81 82 60 4 19 83 13 74 31 58 95 88 67 61 55 32 57 92 7 68 80 48 49 12 79 58 33 21 57 30 45 24 66 27 81 85 19 

97 91 82 96 54 19 33 77 27 98 17 48 48 32 22 88 50 28 66 21 55 74 48 82 45 33 90 100 41 64 95 18 11 39 52 80 79 21 68 39 55 2 36 57 71 37 72 70 64 7 39 7 37 46 90 29 50 20 50 12 96 92 54 0 15 64 19 50 80 13 44 14 64 64 1 84 42 14 15 63 78 73 10 54 78 76 20 69 7 0 87 58 41 96 59 12 75 5 88 5 

97 4 80 83 43 1 5 47 80 18 90 39 24 20 16 73 69 95 27 37 42 16 57 79 4 0 28 36 22 70 46 52 21 55 85 60 26 98 59 2 20 73 39 78 59 9 3 95 72 16 73 59 85 3 86 84 79 50 60 63 36 85 98 34 51 85 75 14 0 26 11 68 70 47 71 50 3 48 40 74 37 30 87 28 35 49 29 60 49 13 71 76 92 70 90 28 33 40 62 62 

89 72 32 43 66 61 15 93 12 97 73 41 79 92 43 14 38 60 70 16 51 35 3 78 12 8 80 65 95 56 61 41 45 51 54 3 26 29 22 78 63 20 84 94 36 48 29 67 49 63 52 41 69 26 33 95 85 6 91 19 97 33 82 54 24 60 92 48 75 73 80 27 67 79 62 19 37 10 8 10 42 54 13 99 52 46 99 30 77 93 50 36 67 82 43 82 39 3 48 52 

43 61 95 71 33 67 33 72 19 56 7 26 43 17 54 20 73 48 77 55 76 41 80 22 66 16 53 85 53 35 80 56 100 16 54 89 28 14 86 27 99 9 4 97 71 60 100 70 22 34 7 72 49 23 50 78 64 59 87 43 11 15 34 39 18 50 7 50 76 61 59 95 26 49 84 14 37 98 64 80 44 15 53 63 84 58 40 65 79 10 38 16 92 84 25 53 81 86 43 94 

28 35 42 5 4 98 52 92 86 95 71 58 15 51 24 77 1 16 8 28 82 37 40 42 81 58 43 63 2 93 11 33 64 76 60 58 97 34 7 92 16 79 67 48 21 95 25 37 81 75 46 88 32 98 88 23 58 22 57 79 12 91 100 5 83 69 60 82 6 27 58 14 61 0 44 60 69 48 11 94 41 60 10 86 60 13 55 99 65 50 59 7 81 38 13 26 17 98 8 89 

27 8 88 22 31 33 48 79 15 22 1 85 29 79 81 31 23 42 8 13 69 81 16 16 35 69 85 88 11 91 10 54 88 92 73 71 14 38 15 16 23 77 78 56 54 13 85 79 50 95 52 62 26 76 9 13 48 39 20 48 97 43 91 86 69 22 86 67 10 90 36 57 8 65 30 79 60 85 88 36 46 83 7 48 57 31 20 8 1 27 51 44 30 72 37 61 100 100 3 80 

64 38 2 10 32 32 86 12 0 19 60 2 94 31 36 8 94 66 82 65 56 47 83 4 32 86 33 32 62 27 10 2 30 67 16 65 53 2 19 26 78 23 37 87 42 84 92 46 26 5 65 94 95 76 60 52 14 44 68 31 84 3 13 47 84 28 1 28 33 22 29 81 0 95 78 87 29 20 2 42 86 82 3 59 90 13 20 14 42 55 22 11 2 75 11 77 94 50 61 88 

89 58 32 90 13 24 16 23 62 41 23 12 7 76 23 58 23 52 64 72 26 35 88 62 35 97 53 92 92 83 87 9 23 99 27 69 27 11 67 83 9 11 72 83 21 7 59 23 56 91 84 40 44 81 88 22 30 60 95 54 33 11 68 80 10 68 77 88 85 62 8 30 91 48 55 68 62 15 81 97 71 64 24 54 95 64 25 81 5 31 43 32 5 31 85 51 100 56 76 50 

98 1 100 20 30 14 93 93 16 18 79 99 84 72 36 43 56 80 12 48 99 46 25 7 65 26 53 10 60 86 1 83 54 51 88 4 79 13 93 17 63 54 66 39 90 5 50 31 26 59 8 42 80 60 19 18 0 47 95 81 100 46 94 32 75 94 74 82 75 67 29 79 46 42 47 25 36 66 72 88 96 38 83 73 89 17 9 45 8 67 57 34 89 61 71 81 50 79 95 74 

24 32 100 36 30 65 20 24 63 87 90 51 6 49 81 72 53 32 2 69 36 3 33 38 77 77 31 77 45 4 62 22 52 32 33 14 72 97 92 44 42 68 54 35 37 29 72 93 10 94 97 84 80 18 10 80 93 3 92 0 92 75 57 35 65 12 26 73 37 78 17 95 100 1 8 33 41 53 13 11 77 0 100 2 88 74 84 66 72 87 95 1 12 20 49 11 45 7 9 50 

69 69 100 39 53 87 46 61 98 70 19 37 47 57 52 31 55 100 98 86 55 50 15 5 40 0 62 73 99 5 80 4 45 9 40 90 83 1 55 98 5 99 92 1 36 17 61 25 73 45 33 3 79 40 93 14 97 57 64 3 50 86 67 61 9 74 99 51 7 59 99 58 97 46 55 2 95 72 24 48 50 83 47 94 28 67 3 56 26 40 36 71 63 50 23 36 27 46 75 93 

65 94 51 92 72 17 57 26 83 32 50 56 66 76 65 79 95 76 88 33 27 46 35 71 19 77 67 10 56 43 73 20 60 50 18 58 7 75 7 28 50 33 79 55 85 53 44 45 51 91 7 15 55 68 10 25 68 54 6 87 60 61 50 46 86 18 89 93 60 81 24 26 12 41 74 57 85 9 8 45 60 1 74 19 21 60 4 21 36 75 17 2 83 4 53 31 48 55 12 10 

48 42 19 44 64 93 21 12 75 29 17 66 78 31 47 2 13 14 68 22 41 25 95 61 3 71 95 32 42 39 77 4 29 20 37 43 64 97 83 91 91 63 94 73 69 69 70 81 42 28 57 72 9 87 13 57 8 32 23 68 70 69 88 34 80 65 61 90 20 0 1 85 97 40 52 54 47 38 17 80 7 51 96 45 90 2 81 80 76 17 51 94 28 94 33 47 11 51 23 59 

35 4 40 19 14 66 60 17 18 73 28 91 62 23 9 30 66 9 73 80 49 44 68 28 20 57 7 47 33 73 62 61 15 54 85 32 10 14 77 51 55 7 80 53 9 52 20 91 99 94 41 4 6 63 90 25 85 92 54 27 12 4 24 15 21 62 54 5 17 35 82 62 49 21 55 13 57 20 1 70 14 93 3 47 80 81 61 95 82 56 22 57 26 39 21 88 1 16 76 76 

46 71 77 39 41 92 86 41 95 47 29 87 75 51 70 54 2 36 53 0 7 27 0 18 17 8 56 53 17 75 73 11 30 58 86 91 68 9 12 54 88 4 19 86 95 46 57 6 18 4 43 8 65 18 39 25 20 50 53 66 63 26 84 19 23 38 81 3 1 40 99 63 24 54 49 30 47 68 74 77 50 67 13 72 49 8 25 28 90 38 59 56 8 83 61 56 58 5 72 88 

2 89 53 74 27 36 35 20 2 7 38 91 84 100 43 10 7 52 65 71 46 67 100 79 50 35 58 27 1 45 17 86 88 63 82 69 29 13 67 5 22 53 16 50 54 85 56 66 93 29 46 61 45 65 20 9 2 95 25 1 31 52 54 6 63 10 83 94 96 58 47 100 78 84 11 93 48 84 89 28 7 53 63 56 64 74 90 12 60 51 61 16 57 10 85 81 41 53 74 76 

14 87 10 53 86 1 47 79 88 50 66 82 91 100 59 49 2 64 11 8 39 60 73 54 11 71 75 17 30 82 8 75 9 29 71 21 73 28 85 89 74 44 67 59 2 27 84 43 94 89 53 63 32 68 45 51 5 18 99 17 0 64 49 3 10 4 7 13 44 21 31 82 71 5 73 1 83 13 25 87 94 19 74 38 57 31 54 32 73 48 64 76 58 43 93 79 42 38 92 71 

27 91 6 39 36 96 62 87 47 14 91 95 65 98 29 57 63 39 28 92 23 88 43 36 18 89 59 14 36 95 1 71 26 51 18 21 77 11 60 11 21 65 54 47 21 50 80 39 10 4 32 99 33 0 4 8 87 1 88 70 13 0 95 43 81 68 85 51 51 70 1 52 23 79 78 73 39 74 92 94 49 15 6 2 70 3 5 79 34 37 54 14 7 31 63 9 39 99 72 2 

23 10 57 6 90 20 50 94 61 85 70 52 38 86 14 72 67 2 27 56 10 52 56 9 84 2 65 11 86 67 84 0 94 95 16 96 83 59 65 39 34 91 83 12 28 48 42 0 78 82 70 84 88 59 99 79 43 88 35 26 23 72 42 2 28 63 93 16 40 17 65 90 44 52 75 5 35 71 51 58 35 38 59 59 26 2 92 15 39 16 31 27 38 82 8 92 25 88 91 45 

23 64 59 14 68 21 73 41 54 89 41 94 6 98 8 80 87 51 54 57 61 95 45 49 76 9 93 26 8 55 65 37 12 20 19 96 74 71 22 95 43 12 63 19 69 25 43 57 75 48 70 96 87 61 79 77 20 66 11 88 78 80 8 54 83 43 10 3 71 96 48 76 9 32 56 42 76 36 63 21 16 19 15 68 92 23 23 31 34 63 74 36 40 59 33 52 60 10 5 76 

26 69 98 61 13 16 42 75 73 94 50 80 6 97 30 67 43 21 80 99 43 25 54 51 10 99 44 6 2 93 26 25 4 87 95 2 3 43 5 67 14 70 62 34 72 61 46 31 40 4 97 44 53 98 48 94 40 94 53 3 64 10 45 91 17 21 29 32 85 22 9 87 78 16 22 80 62 43 92 94 38 71 76 21 89 0 88 1 42 19 95 30 90 20 70 42 43 24 39 4 

20 2 83 28 29 17 34 60 49 25 54 51 37 12 8 41 13 94 24 76 26 0 38 30 78 1 30 60 22 12 58 5 11 96 59 61 1 23 33 28 38 39 61 37 92 26 52 43 9 55 33 100 47 57 75 22 86 22 92 16 48 82 11 34 54 77 9 91 49 64 65 84 44 66 88 91 45 18 87 49 26 73 52 31 72 40 75 62 98 48 26 91 60 4 58 66 76 73 54 73 

62 88 66 79 29 36 88 59 63 29 24 2 45 26 26 52 44 56 28 23 73 48 99 10 93 32 53 65 58 60 78 14 37 82 39 0 53 32 68 25 36 53 59 67 73 17 95 79 40 99 48 50 6 44 95 56 2 82 13 52 74 63 45 28 77 40 64 59 76 86 81 80 28 42 91 86 35 68 44 34 5 31 83 61 59 50 10 87 53 5 94 93 15 60 53 64 22 90 86 96 

14 78 45 4 29 46 12 21 51 35 59 80 4 93 43 68 13 43 31 6 57 19 53 5 57 62 52 90 64 96 41 65 75 39 2 48 61 94 80 75 89 42 82 97 94 57 22 90 86 80 65 63 90 75 60 0 79 15 41 56 11 29 33 10 26 96 27 47 99 59 74 9 55 34 96 99 83 8 32 67 58 96 98 62 8 45 62 54 10 76 25 76 98 41 41 83 20 92 3 95 

21 70 64 69 89 90 44 12 83 64 78 79 91 45 82 3 77 70 38 31 45 34 48 99 33 60 67 71 84 95 63 15 5 32 87 15 83 53 24 97 48 63 58 77 80 52 2 83 63 78 24 51 42 57 72 93 52 94 47 96 9 51 46 71 29 31 41 94 31 61 52 89 92 23 77 83 28 29 68 13 89 64 58 24 52 23 83 8 7 70 72 31 26 27 73 72 81 84 65 80 

28 100 83 93 20 86 47 94 75 66 51 33 52 45 71 24 34 45 43 59 89 83 32 44 83 12 39 37 14 63 27 4 12 6 0 44 36 67 60 29 37 51 74 11 30 30 2 63 40 23 94 50 94 75 76 20 6 87 7 36 29 88 8 87 89 25 46 48 16 50 29 0 96 31 8 30 35 79 86 15 41 2 57 37 25 38 83 69 91 84 32 71 37 40 64 71 28 36 51 86 

92 66 1 15 12 50 6 60 32 99 1 90 18 85 2 27 24 3 9 33 64 26 74 69 83 28 88 77 48 25 10 71 54 42 90 84 25 100 67 37 32 50 98 63 45 25 8 91 36 34 38 9 17 60 31 77 74 35 37 47 75 87 56 87 33 95 42 25 96 34 86 21 12 42 41 44 71 15 59 17 15 88 13 99 37 52 80 77 0 23 90 91 57 7 38 79 51 21 13 82 

16 78 92 61 72 91 35 52 54 66 17 80 39 86 16 52 73 93 1 16 85 78 17 5 92 24 33 98 64 84 53 43 37 100 49 14 89 91 48 53 92 10 69 24 30 100 60 57 37 4 30 79 14 2 98 12 13 24 36 91 81 76 30 94 8 19 44 18 16 16 83 23 53 74 34 24 8 36 13 80 38 33 49 10 100 40 91 54 18 86 78 37 15 4 78 9 35 96 73 45 

34 61 8 72 78 78 41 69 41 11 34 6 46 46 33 37 86 97 86 39 11 12 55 55 19 21 67 89 99 62 20 73 41 56 27 17 37 45 9 30 5 46 3 46 10 33 24 64 82 98 42 9 64 81 54 25 49 89 88 65 71 75 51 75 12 39 7 27 25 12 81 55 68 55 21 29 60 17 96 14 32 20 95 99 93 37 14 49 27 44 9 22 37 69 38 88 62 85 97 19 

59 89 63 60 61 45 70 22 87 44 90 38 4 35 57 80 68 3 10 66 40 7 23 94 99 45 47 24 53 42 18 60 30 65 97 47 83 2 50 54 75 24 82 73 28 4 52 31 95 37 8 78 22 61 43 78 52 81 50 80 42 87 76 68 57 98 45 32 80 19 42 48 17 61 54 10 28 13 7 38 70 61 68 22 61 35 59 93 13 45 11 55 61 56 81 9 33 89 95 18 

5 26 49 35 87 20 84 31 92 23 45 78 28 77 100 60 78 58 40 38 8 61 61 57 10 81 94 4 73 82 63 66 93 30 6 22 30 92 67 28 86 18 79 80 9 6 21 13 74 2 35 90 54 84 7 29 67 98 24 62 28 78 81 20 52 58 60 55 34 99 22 97 98 61 44 22 75 95 97 0 70 52 42 46 33 48 80 80 86 38 78 13 58 34 24 10 17 62 46 85 

92 31 92 69 36 22 56 46 96 77 89 2 53 81 23 82 18 54 86 9 89 97 79 13 56 97 20 70 42 26 11 99 72 12 48 29 5 79 49 62 32 99 49 77 59 73 35 40 35 93 11 68 30 47 72 35 51 64 34 85 15 89 35 6 26 88 34 37 56 57 24 66 68 38 65 50 17 45 67 53 0 21 66 14 44 26 27 91 25 84 6 88 49 47 76 51 82 68 69 5 

91 63 74 81 51 40 77 37 63 94 90 63 98 61 21 85 73 22 47 55 50 10 0 7 17 40 13 41 88 56 47 95 62 38 56 91 66 85 14 19 39 80 37 88 42 68 42 50 51 16 56 36 19 91 58 78 33 52 51 64 73 62 90 31 71 44 62 62 15 14 30 0 11 44 92 40 73 34 58 91 77 96 45 11 50 80 87 85 85 33 10 73 73 88 93 62 71 52 93 94 

86 10 42 73 81 2 75 84 95 58 21 79 84 40 95 90 35 24 71 61 27 13 53 9 72 44 75 12 64 81 40 48 79 29 60 85 11 41 70 71 44 76 30 49 14 38 95 46 91 81 87 79 48 98 12 41 19 34 78 44 59 14 63 26 23 82 57 30 60 88 10 23 97 44 23 18 2 27 70 91 67 82 63 41 47 60 79 42 44 68 75 24 44 16 39 79 79 24 29 54 

49 70 66 38 20 83 43 80 4 25 67 100 23 53 20 65 12 63 90 76 81 47 52 59 87 57 96 18 74 35 64 96 8 19 28 92 46 63 42 33 40 96 68 25 55 70 87 39 56 23 2 88 15 83 98 29 29 12 100 95 13 62 0 57 29 5 52 82 41 62 5 30 66 41 62 100 33 46 38 93 52 47 86 29 98 78 37 27 27 8 76 8 79 81 14 32 42 16 100 86 

81 80 41 85 0 73 74 33 52 27 4 15 70 19 52 88 40 41 48 78 38 53 49 23 77 38 70 25 26 20 71 44 46 52 79 34 14 4 51 100 28 69 47 81 41 34 27 29 7 78 26 97 57 86 32 39 90 12 29 15 23 6 11 33 55 33 27 35 71 90 61 54 98 62 9 34 78 77 69 84 13 39 34 100 87 12 62 62 67 4 100 7 57 44 93 7 89 60 15 39 

25 43 63 72 91 74 10 92 98 99 1 16 64 42 26 88 36 75 50 49 46 37 57 96 71 65 4 31 6 32 51 3 56 19 25 17 45 82 23 56 26 71 25 58 75 83 19 45 50 20 34 51 78 12 97 81 98 50 60 58 50 39 20 65 17 89 39 68 18 98 23 44 39 57 35 74 7 22 56 18 95 92 14 67 88 52 5 46 70 19 50 64 33 26 32 39 87 92 84 76 

19 25 95 1 4 30 63 52 20 25 54 33 46 95 84 18 95 57 24 94 8 11 45 47 40 84 59 75 63 0 7 16 63 5 3 44 40 96 58 0 32 26 68 94 39 11 54 47 67 6 26 17 70 88 35 72 30 11 65 17 24 23 79 57 87 43 89 75 15 84 10 7 2 3 2 26 49 63 50 61 68 2 77 21 20 1 33 48 42 1 80 73 25 20 99 14 63 94 2 10 

62 88 56 36 35 48 11 34 43 76 98 15 80 54 37 85 1 13 88 39 36 96 12 0 87 44 37 0 30 45 99 40 35 94 97 63 3 84 13 43 20 56 20 63 96 31 17 69 94 6 9 56 52 87 92 92 77 67 97 90 60 11 84 49 79 7 12 52 57 98 49 1 80 45 30 14 9 1 90 11 84 55 48 63 5 30 82 51 4 84 45 93 90 82 43 71 93 1 6 47 

21 59 95 90 78 48 65 21 72 7 8 57 48 43 60 57 22 49 56 25 80 68 30 40 49 11 98 79 8 83 58 58 48 12 90 57 25 49 38 26 65 87 92 1 89 44 91 71 19 55 80 30 39 15 32 29 75 48 75 18 95 23 25 57 7 83 9 28 53 10 27 7 37 26 46 47 13 98 55 47 36 83 25 47 22 99 41 48 83 46 51 62 25 31 76 25 49 0 39 8 

83 60 48 50 29 63 48 75 79 8 100 3 89 32 57 2 7 12 25 94 67 96 55 56 13 91 25 34 45 48 9 79 5 17 78 75 89 96 93 45 51 30 81 53 2 38 61 21 7 87 44 55 100 8 51 61 91 39 97 94 0 13 4 29 28 66 90 68 99 93 67 94 72 22 2 58 95 58 33 29 86 4 67 28 19 76 36 35 69 76 48 4 43 21 100 1 54 55 60 7 

64 55 11 25 78 26 79 17 48 69 15 8 55 51 39 45 41 7 61 95 79 80 3 62 9 2 92 84 92 83 48 22 69 60 56 21 100 16 43 62 35 27 59 73 91 21 86 16 15 39 24 29 33 51 22 9 27 39 44 3 29 41 45 90 17 67 53 39 13 17 65 35 82 25 94 15 94 76 98 15 59 39 31 69 64 26 26 13 3 19 53 20 77 84 8 96 93 85 20 18 

21 5 93 56 5 5 85 52 40 23 55 98 64 39 82 2 26 48 77 47 8 11 94 60 36 60 74 62 43 71 24 61 88 19 38 36 43 2 60 18 86 36 4 95 92 9 26 46 7 9 95 32 93 2 7 70 16 98 100 29 53 48 25 48 12 21 35 37 0 29 30 29 8 53 14 58 49 26 61 59 64 38 96 100 82 31 12 77 5 73 77 64 26 75 32 97 62 5 12 59 

72 7 66 21 6 47 45 78 37 14 95 1 27 0 48 15 14 73 5 84 71 56 6 8 2 16 63 29 34 92 58 34 18 7 90 10 13 71 50 94 65 52 68 19 66 9 9 52 30 52 49 16 99 67 81 82 74 74 83 64 54 62 87 46 20 94 73 88 72 97 91 94 91 50 44 85 54 74 17 90 66 12 97 80 57 31 1 72 81 83 54 25 62 91 89 86 97 35 26 14 

73 19 35 31 65 11 65 88 4 21 59 2 50 80 68 98 91 13 16 55 71 76 85 71 37 62 33 37 29 55 33 37 1 56 85 39 48 79 38 14 49 2 73 54 88 86 2 19 7 97 83 18 27 44 50 40 68 93 12 33 33 20 3 59 4 15 9 70 32 56 4 41 100 2 16 77 94 55 19 26 54 87 80 24 11 32 0 35 31 22 37 15 49 99 8 74 68 57 55 55 

48 97 84 53 88 73 14 35 74 88 73 67 83 82 66 74 51 64 56 94 71 25 57 61 80 59 15 52 26 32 46 49 76 94 48 84 67 41 67 16 100 40 68 22 51 73 89 74 50 38 81 19 53 29 27 67 64 21 51 18 33 14 87 26 89 100 75 63 29 1 12 87 21 13 58 39 56 2 49 81 35 80 36 48 33 64 53 9 62 0 82 55 68 100 88 39 23 18 48 80 

83 97 96 19 66 31 62 46 100 33 83 44 68 45 32 85 77 56 46 87 70 74 22 88 73 60 52 35 8 94 88 63 5 75 53 80 27 27 77 44 91 47 48 21 76 1 86 67 84 80 41 76 47 98 97 30 36 91 61 52 82 84 67 46 6 10 31 11 31 24 66 61 74 52 36 76 18 4 62 52 19 76 7 17 19 7 31 32 59 66 48 23 15 31 60 59 78 54 66 67 

29 68 82 100 16 88 4 94 25 79 22 67 85 60 93 31 60 1 79 97 61 35 39 58 92 40 54 47 71 45 2 91 48 25 87 29 48 3 89 53 99 69 77 26 0 18 10 28 52 16 70 72 55 61 93 31 38 8 68 70 20 80 34 34 81 43 22 10 94 98 47 83 67 52 98 55 54 66 51 29 11 65 24 16 60 50 20 54 49 39 75 87 79 86 51 86 56 88 76 70 

84 17 71 60 90 88 40 70 37 56 27 31 64 67 16 23 33 77 26 100 85 31 50 58 95 13 89 8 22 48 18 54 42 6 17 27 52 41 76 50 23 38 88 54 83 37 52 52 51 78 78 23 94 76 78 86 63 48 49 92 51 4 38 89 56 11 67 50 2 57 1 0 47 64 43 96 51 97 63 94 12 28 78 12 94 40 81 86 31 41 12 43 92 91 19 79 91 30 31 13 

22 27 5 15 52 39 43 33 28 14 12 66 96 79 95 65 79 14 28 4 40 20 82 50 28 29 38 4 81 70 48 95 18 41 26 83 60 14 43 20 53 12 75 2 11 47 32 11 63 98 55 59 92 36 36 66 99 66 91 59 46 57 30 80 73 20 96 55 59 53 92 20 87 4 12 19 81 83 0 5 86 93 32 7 27 18 34 90 29 68 83 23 77 10 58 91 92 79 7 78 

83 94 57 89 66 11 0 10 2 61 61 79 75 100 80 9 94 72 100 74 71 25 25 2 38 59 43 69 56 26 51 89 18 54 74 43 53 2 59 33 11 19 38 85 24 64 39 55 0 71 35 49 49 17 79 65 18 7 23 79 60 21 65 48 45 75 11 40 86 0 5 82 5 89 64 56 38 99 18 30 68 22 76 94 15 77 86 70 84 53 55 63 99 86 36 35 5 16 61 99 

25 61 59 12 62 62 21 45 78 35 58 68 19 53 69 26 84 27 78 46 23 1 31 87 78 20 5 55 65 75 93 17 8 75 95 20 80 58 12 84 48 88 78 97 76 72 95 68 16 59 37 82 46 81 51 48 66 5 2 1 23 68 97 71 41 86 76 76 49 84 49 26 43 1 7 6 3 50 66 5 86 95 41 17 53 54 8 11 26 84 23 19 2 80 86 2 75 85 77 2 

13 0 35 46 33 76 8 14 35 38 52 93 27 80 29 100 55 4 3 19 85 36 55 48 3 84 8 44 55 73 3 29 49 14 95 55 14 14 24 79 82 21 54 72 82 82 20 54 38 95 86 94 3 6 95 46 91 63 19 38 79 84 0 92 12 88 74 85 58 15 74 59 77 51 66 52 42 91 69 28 71 53 55 18 7 75 58 95 65 35 68 60 5 17 62 92 22 27 41 87 

45 25 87 1 17 55 75 64 80 29 79 62 98 98 46 61 60 40 56 54 90 41 79 6 17 66 31 35 93 51 100 38 48 100 81 80 5 84 19 30 1 87 62 45 70 12 76 74 87 27 63 47 23 54 75 57 88 85 1 82 100 53 18 48 18 85 87 39 83 23 57 23 21 43 24 60 91 47 77 66 36 80 29 48 74 0 37 50 87 96 17 66 86 5 100 92 14 81 81 52 

96 66 55 67 46 76 17 55 69 43 8 81 49 91 31 82 98 11 0 20 43 11 29 5 42 63 68 79 30 90 90 52 98 99 29 92 1 20 62 54 49 61 5 82 29 91 64 5 61 71 34 8 83 10 24 34 10 83 14 86 39 68 35 25 21 15 46 4 83 9 98 19 85 30 82 69 3 15 14 46 62 38 29 47 22 6 8 68 68 31 63 21 34 3 45 61 78 56 20 95 

60 10 100 19 34 13 16 4 77 9 23 75 68 11 56 21 45 20 57 57 26 10 60 61 75 54 96 75 0 73 76 26 96 26 53 2 94 93 24 90 90 52 77 16 79 52 48 65 67 65 90 2 7 31 87 59 11 65 72 70 43 81 72 30 49 23 88 6 64 32 40 75 33 45 14 31 71 10 75 75 70 76 24 99 9 64 34 2 60 92 82 63 51 43 31 73 82 91 90 22 

12 15 21 16 47 54 67 99 77 94 28 71 71 95 80 58 66 49 25 89 15 25 66 100 22 89 12 84 8 52 91 89 69 48 60 77 36 93 31 80 30 40 76 51 53 71 31 19 76 15 8 93 49 33 88 96 91 25 39 28 35 98 73 40 1 72 58 0 28 71 94 56 18 69 10 93 76 92 86 53 74 1 52 81 42 93 32 54 22 68 71 94 33 49 13 16 54 34 50 51 

84 3 50 41 20 74 45 49 34 59 30 39 0 37 13 86 24 72 77 92 94 23 30 89 53 99 52 20 94 34 6 72 29 56 18 5 78 75 25 84 33 62 71 94 49 75 63 47 31 62 93 54 15 78 32 1 65 67 7 21 7 65 6 82 13 86 7 20 14 98 66 95 66 91 39 65 2 17 90 53 37 16 100 13 78 80 44 40 76 45 34 23 4 78 8 25 33 59 49 10 

74 16 0 15 82 45 86 55 52 29 75 58 80 84 40 60 78 3 25 93 55 55 93 53 32 68 3 66 80 78 82 36 76 72 11 87 31 17 54 13 98 27 66 92 29 19 19 23 4 11 54 66 54 32 25 57 98 75 93 46 93 77 37 77 22 37 20 41 76 5 37 43 15 51 30 9 82 11 37 36 25 20 35 49 43 10 64 74 3 17 68 31 77 44 9 50 34 39 67 65 

39 90 36 93 5 86 71 87 96 30 100 84 61 93 46 6 72 24 91 52 2 68 88 19 3 16 88 81 99 96 72 89 97 83 89 20 100 13 56 88 78 52 93 100 21 57 46 25 25 39 83 59 39 88 43 18 90 80 67 26 95 60 17 56 73 61 38 19 42 20 89 33 88 89 35 57 52 7 3 59 39 2 36 0 80 61 35 84 5 15 65 70 64 36 83 99 42 83 91 4 

22 46 38 76 20 88 55 58 95 29 32 94 41 38 57 58 57 6 100 24 69 80 48 26 87 20 92 59 86 25 78 13 39 63 50 60 91 60 31 62 52 74 57 95 37 90 55 80 49 96 7 82 51 97 77 20 94 74 81 11 63 58 6 3 14 22 5 26 93 39 46 72 65 25 34 49 99 13 94 47 88 48 81 77 55 53 60 69 74 37 76 56 15 46 7 25 59 85 39 7 

100 37 8 61 79 21 90 66 19 67 69 51 40 91 90 52 23 40 72 38 60 83 9 68 0 3 87 35 37 59 88 12 4 45 59 62 92 61 24 33 26 62 100 74 93 86 14 73 1 49 66 59 29 97 97 90 2 7 76 28 61 17 41 73 67 73 61 60 50 80 76 59 70 99 84 76 57 75 10 81 75 56 14 43 25 94 40 52 94 71 38 62 65 99 24 30 37 12 56 45 

7 65 44 74 76 33 83 71 34 6 28 40 46 64 72 61 71 14 40 99 56 73 4 29 34 76 85 84 31 19 8 78 40 66 11 0 96 23 50 62 89 21 11 50 44 95 12 96 65 78 57 48 50 69 24 46 59 1 89 19 88 38 46 73 72 12 79 25 100 37 48 88 98 25 9 76 30 49 87 49 73 22 92 12 59 94 86 48 38 48 98 82 34 26 45 33 23 10 70 44 

81 5 74 83 83 60 65 58 86 6 14 2 95 67 91 10 99 47 96 50 94 54 23 66 8 73 35 62 4 89 44 57 24 10 3 87 89 73 85 64 61 12 60 73 52 49 23 26 7 7 41 45 35 49 67 5 27 46 34 76 4 41 81 74 79 40 20 46 25 6 12 90 82 45 85 83 33 32 82 8 46 45 15 93 42 73 55 53 83 24 29 77 34 53 38 23 59 63 100 87 

38 23 41 1 67 49 99 50 72 11 77 83 98 81 63 28 57 10 77 97 49 75 83 81 14 76 84 73 27 22 39 70 80 49 26 84 41 3 31 56 55 4 1 84 78 71 34 80 68 44 57 77 64 31 37 34 68 94 33 53 42 44 57 6 7 48 5 59 55 10 22 1 62 96 25 65 25 51 15 71 19 3 100 83 98 62 98 54 71 0 9 27 67 60 94 59 19 60 92 26 

91 35 2 26 79 1 94 90 1 77 15 73 44 41 27 23 46 58 64 42 34 83 14 85 72 51 24 96 14 34 65 92 10 92 25 32 84 18 8 56 87 83 63 23 42 16 33 17 24 17 87 14 92 89 28 90 6 4 33 78 61 56 95 56 39 47 64 57 20 7 29 98 43 12 9 93 89 81 39 76 70 43 62 17 53 93 10 16 43 90 53 30 90 42 2 83 84 57 71 4 

