100 25
85 76 15 66 9 58 30 55 55 85 39 29 43 79 86 55 70 86 85 67 33 95 34 6 2 

59 16 41 72 69 67 14 21 46 86 4 11 67 30 11 92 37 70 1 51 93 26 28 98 69 

30 79 72 77 12 31 37 97 24 12 42 56 22 11 63 56 1 67 42 90 71 62 35 31 19 

44 44 80 48 99 69 66 95 43 44 83 36 37 98 21 63 58 100 31 59 66 18 73 30 3 

45 80 98 72 14 22 89 41 45 3 89 9 1 10 99 22 6 20 22 15 79 1 87 15 77 

36 27 91 59 12 15 71 90 0 38 86 33 61 41 40 12 72 93 97 77 72 96 54 94 76 

7 7 54 28 25 55 30 79 84 61 35 41 51 90 20 48 96 71 78 91 19 24 55 15 56 

45 14 86 5 100 6 1 4 47 76 82 34 16 4 56 91 45 32 74 39 74 5 98 96 57 

67 4 89 55 87 31 81 35 9 32 71 39 35 26 52 33 16 8 45 14 57 75 3 74 1 

34 31 16 32 34 86 12 26 14 47 3 75 93 4 54 24 35 22 48 23 14 20 0 14 33 

53 100 33 78 29 47 71 82 71 2 83 32 49 81 20 1 2 30 75 52 75 21 97 76 60 

51 63 96 91 90 0 3 48 44 89 26 37 9 91 39 11 81 89 88 89 29 32 79 10 18 

55 84 84 39 46 90 2 66 9 79 32 37 11 86 83 74 58 7 64 16 91 8 39 22 75 

66 17 89 68 26 80 16 72 41 36 85 11 45 49 30 85 49 40 39 79 28 32 73 65 84 

34 55 76 83 76 77 85 17 53 82 12 12 52 65 49 97 70 89 10 77 74 3 58 1 59 

30 97 12 6 79 43 98 99 25 20 96 96 15 88 6 19 97 84 18 48 10 86 4 29 87 

84 10 33 27 51 22 51 54 83 26 82 65 48 10 26 72 87 95 64 89 72 86 9 43 53 

0 54 39 63 96 10 64 92 81 33 2 21 77 63 100 87 53 67 11 71 9 54 94 92 71 

12 80 18 61 4 67 39 52 48 53 68 64 72 0 30 58 42 26 59 94 43 10 84 82 37 

47 78 14 6 78 98 61 62 25 58 87 9 33 70 28 15 81 37 29 38 84 17 89 66 1 

7 24 50 18 24 37 3 9 4 52 34 81 77 65 44 10 60 36 92 30 65 10 20 82 14 

56 70 46 94 29 14 23 59 55 33 68 13 67 40 71 19 44 6 91 36 65 66 71 82 96 

70 68 95 68 5 41 79 63 47 20 19 72 10 52 12 95 96 48 70 95 0 26 98 75 16 

19 48 62 16 47 79 84 57 48 34 81 49 51 75 0 86 40 34 40 93 71 1 28 28 1 

100 23 16 34 9 64 76 41 20 37 60 76 51 52 55 23 56 62 36 5 82 1 67 93 12 

71 96 96 86 51 48 63 53 65 98 45 88 97 48 69 37 91 27 42 68 65 92 95 78 46 

31 55 1 4 94 57 82 32 16 8 40 5 92 30 4 22 20 76 0 81 90 35 36 4 28 

37 17 75 26 16 27 37 77 82 56 97 48 19 71 16 75 26 80 44 28 81 3 21 37 18 

39 13 50 5 60 36 5 35 24 88 28 31 67 81 95 35 46 18 45 14 66 92 69 32 82 

52 97 70 69 7 23 47 1 1 54 1 57 9 11 39 76 14 45 64 24 80 25 53 51 56 

66 73 82 93 32 42 46 81 54 76 95 5 46 43 91 87 39 45 1 27 90 21 54 59 16 

46 76 69 80 86 16 5 58 73 15 89 49 38 65 73 95 97 11 6 79 33 62 33 31 59 

56 25 5 32 91 77 32 86 92 62 10 15 64 41 71 15 16 71 96 82 36 24 31 9 56 

91 77 57 50 25 23 7 37 5 78 99 53 87 75 86 34 95 83 4 95 16 51 21 93 9 

26 66 40 20 2 70 3 48 72 86 21 26 84 25 7 92 84 13 44 27 93 55 89 25 84 

21 44 60 36 78 50 95 62 97 46 25 79 12 4 60 59 57 68 79 19 65 39 87 54 5 

30 76 66 38 16 45 33 29 1 13 29 7 83 39 56 11 74 12 40 21 33 17 28 43 45 

44 87 18 39 83 99 23 0 72 44 89 1 99 75 54 45 64 69 66 10 92 72 28 82 91 

59 89 27 100 32 39 41 66 35 37 36 69 3 95 79 34 8 8 50 91 27 58 76 5 57 

18 15 63 20 71 3 45 14 13 15 99 2 60 26 94 90 56 82 82 78 56 55 4 51 6 

3 67 79 22 17 14 88 8 15 46 9 14 39 84 78 71 39 39 36 100 77 83 88 84 3 

24 65 49 52 12 8 27 9 18 93 41 25 42 52 14 7 54 5 40 81 36 86 18 25 66 

22 75 17 83 11 12 52 76 18 65 59 0 74 82 10 59 25 53 11 63 100 24 52 32 15 

9 26 55 54 76 27 62 13 79 26 92 41 94 13 38 80 21 100 31 29 56 69 68 83 63 

45 87 77 15 89 52 51 59 56 82 74 56 47 60 85 27 14 16 14 5 80 92 3 78 64 

100 77 75 10 3 53 55 81 74 21 31 35 47 74 7 82 68 5 21 52 98 47 71 28 99 

12 14 95 96 33 6 75 83 44 25 56 57 69 77 88 90 93 95 32 30 97 81 39 100 42 

86 56 9 17 69 23 2 61 53 95 15 19 58 21 20 78 62 32 86 61 68 75 52 16 4 

97 5 82 94 71 73 40 25 56 32 20 73 47 12 53 32 22 69 64 46 27 88 3 41 45 

82 48 20 2 14 64 70 24 30 28 43 68 86 95 96 68 100 18 41 97 48 13 29 71 77 

62 33 83 70 25 16 36 47 75 31 91 49 3 3 64 51 67 76 87 33 19 62 100 93 76 

24 77 38 36 10 68 99 57 35 54 40 26 32 66 16 61 48 42 68 52 14 25 81 41 87 

5 1 8 92 68 1 26 39 87 3 91 52 23 59 15 57 43 98 53 99 64 3 93 98 35 

86 33 47 12 11 70 36 82 100 62 49 25 8 9 78 14 85 26 65 63 15 10 70 17 4 

75 61 36 44 92 41 58 100 19 35 21 10 65 64 93 12 31 46 31 59 70 58 30 89 55 

39 96 93 64 23 10 12 9 85 78 97 43 6 2 98 79 66 13 71 31 73 51 35 30 4 

94 21 48 30 23 58 27 72 36 3 6 46 1 42 68 1 40 96 24 54 1 75 84 18 28 

5 38 14 36 10 39 79 29 100 90 96 93 98 12 8 48 61 4 29 36 33 56 91 63 55 

78 54 46 63 3 79 41 60 93 36 60 91 87 46 91 61 91 63 42 7 60 47 60 35 30 

2 69 48 11 28 52 55 56 24 24 100 53 69 91 49 3 34 88 61 96 5 37 8 26 91 

26 50 82 78 67 51 64 15 59 97 70 36 93 7 70 36 15 74 13 45 83 63 93 68 89 

29 37 48 33 10 64 29 79 55 85 10 53 52 80 37 73 42 68 2 90 6 27 50 21 81 

45 17 11 14 100 19 41 25 4 58 39 14 78 39 68 40 25 78 25 33 41 76 43 24 55 

95 40 96 14 49 20 95 28 40 53 51 60 5 59 58 57 71 51 43 65 69 28 49 66 34 

57 39 81 45 50 75 57 99 94 24 9 82 0 69 22 24 33 43 12 9 6 100 86 42 54 

45 13 36 27 89 62 70 97 94 19 51 84 22 76 26 34 48 54 32 99 33 8 83 84 24 

35 3 53 27 51 47 74 45 77 34 99 99 64 82 31 12 31 22 67 98 39 79 25 48 12 

4 57 84 46 22 29 64 82 57 78 1 46 87 53 88 88 80 54 44 41 72 55 75 39 51 

89 98 50 64 94 94 71 82 57 95 17 89 90 54 15 0 35 44 84 37 75 100 42 9 84 

9 100 82 7 70 16 8 16 28 78 72 14 8 7 12 42 19 81 15 16 5 91 58 5 84 

59 55 24 26 28 8 0 58 95 1 85 91 85 0 97 100 83 68 60 61 6 37 49 30 17 

90 14 68 85 92 1 72 73 15 84 93 0 1 37 31 77 98 14 40 75 100 96 18 35 97 

92 89 92 59 65 82 44 34 81 10 38 39 43 51 76 76 83 90 32 17 63 50 15 90 3 

41 96 9 59 37 38 11 94 92 46 7 68 4 28 91 19 9 27 75 1 17 81 100 17 98 

79 95 9 86 16 45 24 52 92 47 10 75 74 14 28 63 49 85 62 93 42 39 39 49 50 

66 41 11 70 55 60 63 28 4 47 71 35 98 85 97 14 62 40 73 91 14 24 15 28 76 

23 22 54 23 89 6 84 88 31 88 70 7 5 54 76 85 52 21 22 0 12 34 8 36 13 

5 12 100 99 27 19 27 99 45 36 6 21 7 25 22 51 73 4 68 27 74 11 65 49 71 

3 43 14 44 24 8 79 13 89 94 37 59 96 37 9 92 14 47 98 87 95 85 55 33 46 

13 21 92 31 24 16 3 72 80 64 28 7 62 0 72 57 26 90 100 89 41 13 59 47 53 

57 14 46 2 23 40 87 43 16 53 67 37 21 70 96 0 9 10 66 46 26 65 9 66 95 

8 87 33 77 20 72 81 17 37 0 48 12 61 85 79 51 39 28 98 54 25 69 59 38 6 

87 77 78 69 26 56 60 64 53 20 14 28 93 53 63 11 55 60 55 79 77 87 99 41 35 

76 70 18 61 88 0 38 80 59 91 80 57 7 25 93 31 72 35 57 90 55 22 86 29 86 

9 91 92 34 55 83 53 55 59 49 78 98 80 9 30 20 42 16 27 64 97 61 40 50 97 

16 22 67 24 71 35 21 53 81 51 74 49 67 57 63 91 80 75 22 15 0 49 54 66 20 

96 35 15 97 24 36 78 23 72 89 43 16 78 83 42 16 28 84 76 5 1 37 41 40 59 

72 48 11 80 32 43 66 33 66 73 21 47 81 68 30 54 27 60 79 70 52 12 68 60 77 

53 59 16 51 80 49 43 79 72 24 16 15 5 94 43 66 24 49 8 22 1 11 95 85 51 

60 87 90 18 1 15 16 74 37 57 97 95 92 33 98 72 97 61 64 34 22 51 81 19 15 

14 10 23 76 8 38 55 18 14 79 40 89 77 59 70 45 99 35 100 88 85 18 56 9 21 

40 60 49 4 76 40 35 9 26 70 86 64 31 34 0 84 92 33 53 14 36 35 7 5 17 

27 22 4 51 39 50 28 13 65 94 43 83 51 87 70 77 71 5 91 30 26 19 95 10 77 

8 9 93 88 69 99 57 90 60 62 72 85 70 48 79 37 52 57 24 35 40 25 44 20 10 

100 90 51 22 66 96 39 21 31 17 33 100 87 50 34 85 50 92 66 57 10 63 89 43 72 

90 55 18 54 78 5 38 63 21 47 67 53 30 86 19 18 53 34 1 1 11 59 16 81 0 

31 49 81 72 19 8 49 44 39 36 41 15 6 78 62 79 89 100 17 87 86 70 41 78 41 

100 98 92 10 40 17 96 24 90 46 21 55 22 56 19 49 85 7 64 79 24 100 28 3 90 

72 91 61 43 23 2 72 85 48 94 0 64 16 22 83 17 16 60 27 25 99 39 69 65 96 

93 34 52 58 71 65 73 80 16 25 4 94 92 32 37 65 25 20 85 27 35 46 90 77 72 

