100 80
93 32 52 52 81 53 74 40 40 18 71 69 41 84 78 19 43 11 83 80 74 29 31 21 35 87 82 35 73 47 23 8 96 78 76 0 30 53 97 12 31 27 80 18 22 81 63 86 2 68 90 25 25 77 9 87 11 24 93 90 19 84 58 50 94 27 80 16 55 12 75 68 22 92 60 32 98 80 61 92 

15 78 85 57 34 71 26 14 41 29 63 76 82 27 84 69 93 27 42 15 55 39 66 98 8 36 22 92 100 10 63 91 66 57 42 91 70 88 65 48 98 49 57 69 72 16 60 31 43 91 60 80 66 63 64 100 19 96 41 25 54 47 52 15 4 71 82 88 33 10 72 99 54 41 17 82 1 95 25 35 

52 53 66 70 42 93 25 51 51 6 70 28 80 20 7 77 61 37 36 63 35 71 29 9 73 85 22 33 85 46 82 4 71 39 45 25 20 13 1 51 19 15 40 2 3 94 57 65 84 77 13 66 66 98 86 91 36 95 0 92 86 57 67 83 4 40 31 62 44 77 94 78 76 34 62 11 58 63 48 77 

60 49 0 82 61 78 65 87 8 49 29 20 7 23 28 46 50 12 65 62 59 12 51 85 37 23 55 59 55 37 51 58 39 79 64 45 97 96 29 64 73 18 95 45 72 19 15 84 68 60 79 42 10 86 90 51 56 93 85 37 29 0 58 6 51 23 90 43 97 70 47 11 92 38 18 28 36 55 75 16 

54 40 58 29 89 24 89 32 48 3 70 77 4 73 84 12 45 7 30 66 64 98 67 38 94 54 86 95 23 46 88 44 70 100 93 39 94 39 63 47 21 68 78 59 58 39 89 86 50 31 73 42 52 55 26 45 40 70 74 51 35 3 70 90 12 7 67 67 61 57 62 53 36 43 25 10 1 64 30 2 

16 90 39 66 19 25 16 87 15 30 69 80 94 45 47 96 42 100 13 16 89 88 89 26 45 43 81 71 82 31 13 30 29 71 4 20 77 84 19 5 25 84 36 87 43 21 34 40 55 43 30 71 70 15 92 23 77 70 63 55 55 61 53 46 40 12 33 99 71 28 83 13 10 32 73 97 19 8 12 54 

56 31 82 2 3 38 29 63 13 48 80 57 54 38 40 60 77 14 13 29 11 20 33 10 34 10 90 73 68 14 86 28 99 76 78 94 25 52 38 2 85 69 65 49 4 27 1 61 90 2 52 4 57 13 30 7 67 32 39 41 67 13 34 95 42 82 38 49 34 54 90 75 87 12 71 70 38 69 86 47 

8 91 95 52 18 26 43 91 84 33 30 7 4 46 74 74 28 48 5 18 21 28 65 22 92 25 73 91 12 70 7 65 38 2 36 78 42 43 32 28 57 72 6 53 74 55 86 22 18 79 10 51 87 86 34 80 51 19 81 49 16 73 58 11 53 41 77 98 95 40 11 8 48 83 88 85 61 23 29 6 

6 87 53 98 8 53 92 1 25 10 71 75 18 96 20 76 59 86 26 15 21 70 40 96 98 23 17 28 47 38 30 25 12 6 96 6 57 40 37 8 80 55 52 48 53 12 30 69 86 95 58 4 90 38 88 80 68 87 58 1 32 97 3 88 75 65 50 71 97 31 22 100 17 11 100 98 31 55 59 24 

83 92 50 58 46 100 72 83 31 28 54 19 40 27 74 6 56 52 34 53 40 81 4 66 46 48 24 4 43 97 54 96 35 80 20 58 0 72 3 80 48 86 25 99 70 29 58 91 50 24 92 35 80 72 20 48 83 69 0 41 44 12 86 72 37 95 47 56 11 96 89 50 61 72 15 66 46 74 36 41 

20 87 54 32 1 58 99 26 23 85 38 59 82 30 46 8 74 82 62 66 90 90 8 26 32 10 30 70 70 71 68 35 5 50 20 85 53 23 62 53 97 99 12 73 66 73 63 36 40 78 16 50 25 7 11 30 88 70 71 7 75 39 34 3 80 7 52 52 34 78 82 63 98 92 77 64 32 22 27 68 

77 86 54 68 98 56 22 94 35 88 57 70 95 30 38 82 27 14 62 16 23 7 95 43 43 99 64 18 93 44 9 92 78 28 85 81 39 44 45 84 14 20 76 40 20 76 18 12 65 32 12 95 34 5 16 39 86 99 83 15 92 22 1 6 73 64 51 60 74 78 5 87 88 4 46 80 40 26 33 61 

32 60 15 70 44 16 39 38 98 40 52 73 30 77 31 100 67 73 49 99 48 68 51 27 84 96 12 16 33 45 7 84 47 1 77 58 9 91 78 28 17 48 39 98 54 49 90 84 34 58 79 82 28 62 21 93 63 88 38 54 1 97 14 90 50 13 63 41 66 15 12 10 76 10 17 47 75 91 47 91 

37 41 50 0 3 28 50 94 11 81 66 19 67 55 21 80 1 87 84 36 11 40 14 4 66 10 42 61 27 99 96 32 93 39 35 28 54 16 32 74 92 68 17 30 87 17 0 31 54 48 91 83 83 9 21 66 63 94 89 67 22 80 63 83 63 76 58 27 13 34 59 43 29 61 78 58 27 57 20 89 

12 88 18 84 36 17 47 29 61 28 21 2 6 33 97 55 19 51 5 54 4 46 57 46 89 41 24 6 91 83 97 15 17 62 51 78 48 7 29 36 34 62 17 85 35 7 54 37 72 47 85 16 16 48 29 93 9 66 43 59 55 12 11 13 41 19 65 25 33 29 81 77 76 75 73 62 100 2 40 85 

90 21 28 41 29 59 1 28 41 69 100 77 65 56 23 3 26 27 14 22 69 14 53 94 61 57 76 52 9 81 70 28 38 99 0 21 77 77 79 18 82 22 35 31 57 29 13 86 75 22 20 72 11 26 47 65 40 33 80 92 0 28 47 81 32 35 89 42 81 62 85 51 23 3 71 83 17 87 42 70 

97 74 80 69 40 39 100 45 75 6 61 98 41 6 86 74 35 57 2 39 90 13 69 36 63 73 5 14 84 59 90 10 41 27 69 18 66 15 39 11 71 90 28 76 63 59 34 19 76 65 28 97 11 63 69 19 6 63 92 75 43 40 15 31 3 98 29 0 12 87 45 19 47 41 13 29 36 93 7 48 

49 97 75 7 50 36 20 66 38 90 84 48 32 63 0 76 59 18 95 47 93 60 32 91 98 29 14 65 37 47 9 73 83 52 29 0 71 10 61 64 21 31 90 94 94 22 4 7 32 15 62 26 39 66 37 79 53 45 17 86 91 44 54 69 40 13 58 23 66 38 95 81 83 58 8 85 8 93 66 85 

100 23 95 56 54 10 32 63 50 25 21 100 75 11 33 4 95 25 90 49 56 25 34 2 85 49 62 80 20 84 30 72 100 12 3 29 71 82 53 99 64 3 58 65 57 69 31 54 95 24 35 27 31 26 97 98 69 63 78 64 9 69 35 12 51 73 53 52 90 30 58 61 1 61 35 76 27 45 83 30 

27 70 95 84 73 58 52 54 84 91 36 40 76 88 98 86 92 74 53 6 1 87 97 51 68 45 87 5 41 17 58 21 43 28 5 70 56 63 47 80 70 33 20 81 85 27 41 33 85 7 10 64 7 70 71 45 25 22 52 46 46 70 5 83 12 58 26 56 18 16 64 78 33 39 53 60 53 41 25 22 

69 85 37 52 41 99 31 100 36 98 76 59 39 9 40 45 44 96 52 92 91 0 6 57 14 54 31 33 44 46 31 9 18 99 51 43 59 93 35 90 51 96 55 95 26 78 22 21 22 31 26 5 42 49 45 5 20 25 8 77 61 51 18 58 17 75 52 19 84 70 77 16 88 4 22 67 60 96 53 87 

41 57 59 46 74 1 39 46 78 54 40 16 25 74 25 13 39 90 15 85 40 49 12 56 52 51 30 72 75 91 94 66 29 75 36 28 54 77 58 55 63 32 32 1 95 67 98 53 67 71 84 35 37 62 94 20 6 37 10 24 40 26 2 77 95 52 23 14 70 73 6 10 45 18 42 70 92 62 29 20 

18 52 88 87 0 2 21 75 59 31 17 18 89 1 84 89 65 61 95 20 91 50 65 44 89 47 20 72 62 54 81 82 34 59 71 8 52 71 89 30 68 81 38 71 32 21 7 77 91 10 72 94 17 64 26 23 77 76 23 90 84 75 19 92 31 26 8 30 93 60 68 7 87 66 13 30 18 29 9 9 

58 75 87 20 18 77 72 91 72 40 57 29 58 18 17 61 93 24 56 35 69 58 38 18 87 20 75 58 1 31 17 61 59 62 47 37 81 40 6 58 2 11 66 72 7 17 100 46 49 87 75 26 24 72 14 28 22 25 89 48 72 70 79 44 24 44 98 26 74 18 55 69 42 55 26 68 34 67 82 67 

85 39 65 99 95 32 90 48 7 84 31 27 85 64 64 47 61 90 45 83 99 51 65 34 7 54 25 56 60 41 90 12 2 74 59 56 92 1 80 55 39 8 99 79 88 41 8 69 96 12 22 33 67 70 18 41 17 75 25 86 42 50 82 60 13 1 53 51 37 55 20 48 90 58 79 74 92 24 97 53 

37 81 94 27 79 60 63 12 10 32 71 95 48 67 96 53 22 59 12 74 88 100 26 5 54 44 26 50 30 96 63 100 0 51 46 37 47 51 25 36 38 17 82 77 33 31 35 14 23 28 46 32 34 79 91 81 62 14 14 36 15 20 34 97 49 5 90 11 73 73 65 22 84 88 0 27 22 87 37 87 

80 86 20 75 78 86 15 53 53 5 55 71 37 83 2 56 11 1 9 78 11 57 95 60 66 80 93 38 59 74 4 48 30 2 87 38 96 8 7 21 56 51 23 69 8 59 39 52 83 7 60 86 76 42 75 27 13 49 100 50 23 65 18 86 94 25 67 41 0 98 11 61 9 76 27 81 18 21 35 54 

47 36 41 7 66 5 89 100 31 90 42 10 15 71 95 78 64 67 14 65 15 53 34 29 43 40 44 67 80 47 74 38 11 13 60 91 39 87 70 43 16 45 63 2 13 9 15 25 4 18 93 27 7 11 32 59 53 98 26 20 24 64 34 13 49 97 93 65 7 48 13 60 62 21 71 88 65 88 83 36 

98 50 12 8 57 17 44 37 55 9 62 13 22 92 0 71 8 53 60 23 14 43 11 2 65 17 20 37 90 25 78 10 74 96 38 27 7 21 84 52 0 44 48 84 50 73 64 63 77 55 49 92 86 92 88 15 32 14 19 11 91 30 17 27 61 24 23 65 4 10 88 4 6 2 17 60 32 56 38 25 

4 69 13 21 9 90 4 66 47 82 10 94 46 21 82 73 32 85 88 83 50 91 28 71 82 99 79 24 3 41 28 66 18 97 39 39 53 100 30 40 72 100 72 89 57 49 74 25 27 31 29 75 21 94 41 6 86 91 7 4 75 91 93 19 71 75 48 38 19 19 13 50 35 80 32 68 46 46 31 28 

7 70 82 44 75 26 85 33 70 47 58 82 80 34 92 38 46 6 14 3 18 23 92 97 99 60 12 48 15 64 57 3 70 57 29 76 2 19 8 62 7 15 3 29 87 46 39 14 38 71 4 71 96 96 12 88 46 97 11 56 30 20 46 96 31 82 4 97 46 79 15 57 95 63 12 96 30 13 71 56 

32 70 3 68 18 11 45 57 40 26 38 97 4 25 88 82 18 72 5 78 99 93 54 87 3 49 60 42 77 100 27 41 23 27 22 0 33 24 50 83 65 5 91 54 4 96 32 49 62 4 53 92 60 11 83 16 86 86 98 19 5 31 87 35 52 59 48 85 63 41 54 97 27 82 33 76 32 84 27 20 

2 62 0 64 63 79 95 100 1 32 59 85 41 87 76 17 12 88 88 81 40 58 3 8 10 46 8 45 66 20 9 51 43 22 11 68 66 31 49 73 60 1 40 91 59 94 87 96 34 15 30 49 45 50 24 20 33 0 82 23 6 59 82 50 83 12 41 87 46 70 37 32 77 39 29 52 86 72 47 4 

79 22 40 52 68 15 20 41 68 48 50 38 21 15 38 74 93 9 64 23 60 45 76 100 47 26 81 6 41 63 48 54 7 11 4 59 75 59 75 15 32 80 80 94 66 44 25 88 0 96 80 29 42 87 1 88 44 10 24 26 6 18 3 33 39 17 77 65 11 91 78 98 54 97 13 73 65 32 82 36 

82 63 51 8 50 60 84 16 20 59 59 63 3 35 18 40 47 88 43 97 45 16 68 87 52 34 13 24 18 61 66 97 75 10 46 44 17 37 4 42 48 75 72 18 56 77 64 65 81 2 69 3 79 46 37 95 55 64 24 89 50 19 2 12 99 41 70 8 88 26 78 97 66 70 17 100 41 28 31 61 

69 18 41 14 66 87 66 65 67 64 66 12 15 59 8 50 34 27 79 27 53 70 97 68 47 61 70 67 84 54 91 17 75 17 69 78 8 34 3 8 30 92 82 82 26 98 20 65 58 0 92 75 69 64 77 1 44 1 39 13 62 95 34 45 14 44 40 8 30 20 32 12 7 39 34 99 53 89 85 22 

52 32 64 75 70 94 54 84 29 53 44 11 42 13 90 65 96 36 6 69 65 74 98 100 68 8 68 4 47 62 39 22 92 56 70 90 100 67 87 5 41 27 7 55 16 97 48 56 46 94 69 75 92 25 27 1 89 91 46 90 81 70 43 75 58 54 53 70 49 13 81 8 10 82 49 3 84 5 80 82 

16 99 78 74 43 15 81 41 97 43 69 39 63 30 79 91 71 48 33 64 76 99 83 26 30 30 21 8 45 84 77 66 93 96 22 52 100 6 71 51 98 58 99 14 7 53 48 37 69 21 19 65 57 95 41 14 76 31 56 85 58 37 23 29 23 79 67 46 95 8 14 53 33 37 80 40 24 55 45 1 

70 7 77 35 49 66 71 38 85 97 7 26 11 65 98 38 83 35 86 82 7 28 25 79 51 15 32 23 28 45 74 16 71 76 59 56 88 86 52 8 44 87 62 50 17 73 83 82 33 60 58 67 71 18 63 51 50 63 86 46 28 41 14 71 76 18 86 45 72 19 13 59 34 56 18 48 10 45 14 58 

92 98 56 72 8 98 97 59 36 2 75 14 95 52 70 42 81 47 55 40 93 52 33 76 43 20 52 95 58 61 20 57 77 28 92 90 67 51 87 11 35 5 28 9 81 97 34 17 3 9 44 44 94 79 72 50 52 92 27 71 94 90 92 32 48 55 5 5 12 66 60 9 68 94 67 82 1 83 10 76 

85 62 50 55 66 42 35 79 48 73 21 60 29 9 55 16 25 13 64 55 91 70 6 51 61 94 33 13 79 29 81 59 85 8 49 74 67 95 67 41 68 33 87 45 12 48 46 77 24 49 86 79 69 38 65 92 77 28 5 67 13 43 3 91 100 6 83 41 74 65 75 36 87 75 99 41 40 82 93 47 

53 99 48 13 94 68 84 43 0 69 56 10 29 44 60 71 91 2 28 73 43 74 60 96 55 66 23 99 61 83 42 24 96 8 82 88 75 79 87 37 37 37 18 64 25 40 10 63 99 9 39 7 54 82 15 20 34 54 81 90 87 28 52 54 46 14 97 49 71 10 23 51 27 3 22 97 26 5 35 69 

96 76 79 93 17 67 57 43 87 19 80 97 49 46 84 91 34 18 79 27 36 38 32 62 77 48 46 71 32 37 94 53 23 12 58 81 13 1 77 51 18 52 52 91 18 56 96 11 21 44 94 72 74 3 46 92 70 83 31 11 67 8 23 15 87 56 41 31 42 94 77 89 36 77 96 66 27 0 92 39 

25 51 72 96 49 23 62 85 70 45 86 25 86 28 27 35 80 31 25 26 49 73 63 0 14 41 98 96 88 28 86 94 52 17 23 6 54 53 70 95 3 92 8 51 13 71 88 41 79 30 43 26 23 48 38 6 90 68 10 60 91 96 26 42 88 48 90 31 9 55 96 67 90 15 65 81 95 33 63 70 

9 65 36 71 11 4 95 75 37 5 12 44 47 52 85 62 25 20 25 63 63 68 43 23 57 15 53 55 63 44 91 65 47 26 82 19 13 50 91 27 64 79 10 73 47 40 52 19 49 37 74 30 80 69 96 39 67 29 81 78 8 1 18 90 29 84 20 67 8 58 76 5 31 76 82 31 46 21 55 91 

56 80 42 82 8 54 43 95 3 26 47 76 9 36 39 2 76 72 85 61 51 50 9 56 89 36 79 1 35 96 86 87 85 5 19 89 57 42 68 19 29 30 61 10 67 99 12 11 69 17 74 54 78 42 83 65 55 93 90 55 82 13 15 98 75 83 13 0 28 18 74 82 16 9 76 9 60 8 6 16 

83 10 5 49 1 99 56 67 38 26 12 86 19 14 35 77 67 24 55 46 91 12 88 25 38 45 2 77 34 17 94 97 58 64 80 85 86 5 22 60 97 28 77 54 60 20 72 0 11 56 67 73 32 23 56 61 81 94 37 39 11 12 56 37 99 13 72 22 1 15 38 78 40 79 95 65 94 59 17 93 

81 35 79 54 78 57 61 76 37 4 45 14 49 78 39 18 57 39 81 99 26 13 55 76 27 68 40 80 77 50 43 74 83 43 100 96 14 65 51 36 59 21 13 17 70 56 37 84 51 21 24 76 60 51 74 19 69 77 68 49 55 79 40 10 45 23 16 10 68 68 50 87 98 92 18 21 76 30 10 53 

8 28 59 92 94 14 44 62 22 96 8 30 41 66 35 35 18 58 95 50 83 5 20 94 36 19 47 40 32 44 83 72 59 8 3 51 28 12 25 96 98 50 15 19 67 39 20 2 89 4 66 98 27 53 75 90 37 94 62 92 53 38 13 61 29 74 57 3 98 74 9 6 10 42 20 88 46 18 23 2 

48 43 95 90 89 8 72 40 86 17 20 47 49 86 40 20 50 15 95 55 58 6 55 83 56 40 77 73 68 45 79 89 84 77 69 11 36 32 39 90 86 82 73 23 32 52 66 16 49 46 13 88 89 40 55 25 64 92 61 48 44 71 57 50 46 85 39 11 71 67 80 48 80 0 19 91 27 42 29 4 

55 13 36 16 45 40 25 54 74 64 38 5 66 49 63 85 62 69 51 61 61 44 19 61 74 97 79 54 78 78 32 94 98 88 58 82 62 35 1 82 58 16 84 63 88 30 11 39 84 9 12 53 94 2 49 94 50 98 96 54 7 65 12 84 92 46 13 87 96 20 99 27 68 17 96 13 56 57 50 10 

39 9 10 72 95 63 8 78 16 25 77 38 72 24 74 97 34 14 43 83 24 95 9 92 20 14 60 30 26 47 93 44 35 48 55 68 52 65 0 37 69 94 78 90 52 18 53 33 44 41 23 17 5 10 94 64 11 74 32 94 89 31 44 38 0 27 76 55 91 84 38 58 0 82 51 13 79 54 53 14 

3 24 52 30 16 97 42 87 26 0 88 32 12 85 19 83 87 84 51 40 98 61 38 8 9 17 51 37 1 51 11 27 31 70 50 94 26 61 72 95 47 19 34 84 74 81 66 88 21 64 99 93 42 70 71 20 0 66 42 20 51 17 88 51 21 47 71 77 1 33 19 86 47 75 49 20 42 95 54 29 

55 3 40 64 25 97 83 14 58 54 10 93 5 71 7 28 37 32 78 9 9 22 41 81 35 81 41 81 49 10 76 75 17 48 7 37 15 73 56 81 88 4 34 12 25 21 86 81 17 53 82 62 74 70 89 48 71 52 42 93 21 38 2 1 70 78 65 49 100 37 96 85 30 32 99 8 74 42 3 8 

24 100 3 63 7 71 76 97 5 0 49 37 79 73 82 19 30 52 100 28 47 54 69 14 36 72 68 27 10 29 65 77 8 85 84 38 87 55 83 93 12 74 95 31 46 23 84 61 5 49 65 23 59 32 82 36 1 37 41 67 57 13 6 87 33 56 55 48 70 44 25 16 88 51 31 81 58 30 57 94 

22 74 47 62 47 21 16 39 32 7 27 19 58 92 31 59 37 71 59 89 34 10 96 7 47 25 47 44 25 0 60 38 33 47 68 37 11 89 18 89 57 54 81 66 49 93 33 81 82 32 29 63 93 5 65 44 99 18 40 18 82 32 53 17 22 28 58 33 8 82 72 73 37 99 9 70 19 72 59 88 

64 97 50 9 24 28 57 39 59 78 41 73 52 33 50 51 40 99 71 88 52 12 67 59 13 55 12 57 3 44 47 66 44 12 54 46 84 18 0 12 24 29 60 47 14 44 43 51 15 15 4 84 40 86 86 33 35 15 99 33 46 19 100 94 18 91 40 53 7 17 75 20 23 18 15 56 79 28 60 61 

43 47 13 72 32 12 76 64 100 82 66 80 70 73 10 58 4 81 83 93 96 33 95 38 38 26 74 50 37 72 35 81 64 50 85 65 38 54 77 95 57 45 79 47 33 100 27 37 87 39 25 59 81 96 53 67 55 88 55 46 58 36 52 42 72 63 25 71 3 51 79 36 91 63 36 74 58 31 43 76 

25 11 43 0 21 57 66 39 13 83 68 80 16 65 46 13 97 30 81 16 52 79 7 76 64 15 47 66 89 62 48 95 29 69 35 67 51 59 68 54 86 1 0 25 39 20 45 69 100 33 59 95 74 78 24 80 15 27 52 92 5 24 93 94 47 45 76 64 70 53 76 90 23 82 95 77 2 45 40 21 

99 28 34 34 35 68 97 93 97 67 31 71 7 70 81 39 76 9 8 30 13 69 26 44 100 58 36 4 75 88 1 2 0 41 86 84 82 1 30 24 47 60 11 29 19 16 92 74 88 9 65 81 36 72 32 51 54 53 81 92 91 4 21 24 89 73 87 58 37 41 50 64 73 30 71 16 41 74 30 76 

11 2 44 43 18 34 89 9 59 28 2 66 61 46 27 17 59 60 2 76 92 85 4 33 59 90 53 70 97 59 91 89 21 35 7 33 15 20 9 98 66 39 69 65 32 8 67 95 39 5 20 39 11 50 30 20 66 32 65 97 42 81 74 35 55 20 68 46 19 60 32 13 48 43 98 4 3 44 98 88 

93 89 49 68 42 78 77 79 80 58 6 22 43 13 6 57 76 6 88 29 73 62 13 47 45 67 42 36 79 6 24 52 35 55 77 76 51 43 13 67 63 60 97 52 60 54 60 34 79 4 22 79 67 54 48 85 86 43 91 75 55 2 18 18 75 41 11 57 41 87 42 37 41 37 67 13 12 88 2 54 

83 7 91 54 1 47 6 17 21 9 97 58 81 17 71 56 96 50 41 50 66 85 47 78 79 40 50 23 47 100 7 93 69 28 46 94 11 68 69 42 57 57 36 15 11 15 52 97 92 61 29 37 84 77 75 69 59 12 77 8 99 33 41 96 57 69 11 58 98 83 7 38 55 8 62 27 35 37 10 39 

49 76 52 58 5 82 51 27 88 3 66 17 55 70 78 27 42 31 82 87 50 19 1 4 34 13 62 66 22 46 17 27 60 75 87 5 78 98 80 91 63 69 62 34 52 55 42 44 29 18 79 83 69 32 22 16 89 50 34 25 5 27 64 17 68 17 7 8 67 42 88 34 77 90 28 19 35 27 92 12 

72 43 12 41 90 4 6 31 93 53 8 78 40 45 77 41 9 70 24 2 18 12 78 79 26 36 65 43 26 17 9 30 30 40 90 79 68 46 70 82 39 48 97 5 30 97 92 54 27 47 80 28 100 71 76 14 17 29 34 23 83 79 54 65 44 93 21 66 82 85 47 55 3 94 74 36 74 32 36 100 

71 29 83 79 57 14 30 6 78 41 81 31 71 28 6 16 31 21 28 31 88 88 11 96 80 58 92 64 61 95 1 78 12 6 20 25 57 76 21 87 27 49 68 27 49 75 27 4 32 8 64 0 20 25 43 92 99 32 84 49 60 1 14 20 59 70 45 18 1 82 99 34 49 70 38 95 39 93 52 75 

7 90 35 35 81 7 11 76 40 97 2 40 5 40 10 96 39 23 58 85 45 7 87 25 93 36 13 25 42 79 86 4 53 32 9 28 59 18 99 60 49 41 36 55 8 73 74 34 4 91 10 75 91 7 47 82 100 7 35 16 82 63 9 24 87 29 51 42 55 12 31 53 50 47 25 88 59 86 39 93 

83 28 90 58 4 87 91 48 88 18 68 15 57 41 81 26 93 94 57 58 48 29 34 22 30 5 59 96 69 41 77 2 81 18 5 86 32 99 36 79 72 83 54 5 49 44 39 39 87 71 3 94 49 66 33 89 83 96 90 88 72 80 92 76 28 62 44 85 41 62 97 73 27 80 15 35 1 24 87 43 

68 19 89 29 95 63 10 7 26 53 49 22 37 68 42 43 74 84 71 48 78 17 30 86 82 81 37 45 38 57 4 82 95 42 90 84 28 75 36 57 11 72 35 94 98 88 32 74 48 97 16 61 8 85 65 17 99 7 40 83 14 37 53 75 64 96 3 38 39 28 91 35 56 27 92 17 22 61 76 87 

0 70 47 15 79 16 3 79 61 74 10 88 55 97 68 24 38 84 94 10 29 89 46 76 9 2 59 45 87 72 21 50 61 17 48 83 56 75 15 57 32 72 83 52 4 29 54 95 100 7 28 82 89 30 38 21 47 100 69 92 17 27 97 38 35 6 74 69 30 58 4 18 82 60 29 16 97 24 49 86 

80 70 12 11 17 16 82 5 64 87 88 95 91 25 36 20 52 53 68 45 23 84 98 51 87 16 84 40 21 64 54 20 3 27 2 41 95 78 70 85 75 55 35 71 31 74 10 28 5 80 37 62 40 92 98 78 74 11 76 40 13 92 52 41 3 85 74 85 31 20 5 79 33 40 64 26 61 13 24 17 

37 89 71 90 32 60 87 31 49 68 27 88 17 48 58 13 5 97 69 26 51 76 93 0 10 78 62 20 3 7 93 18 42 16 77 79 3 83 57 33 54 57 79 99 56 63 97 50 84 12 18 25 23 51 79 12 61 49 27 91 93 99 6 0 48 9 42 11 63 24 89 15 49 57 54 89 88 89 28 3 

22 45 66 20 68 33 70 28 42 99 46 66 97 35 93 84 18 3 33 26 72 81 88 44 7 82 93 87 78 43 45 88 95 84 87 28 100 28 22 24 7 97 17 85 93 74 43 90 13 44 23 6 82 27 22 65 48 67 61 41 40 36 39 10 84 100 80 32 96 11 18 43 85 45 73 62 6 64 86 97 

51 68 34 45 96 49 54 87 9 27 43 90 85 40 4 72 64 83 19 35 56 90 85 76 15 12 20 48 58 4 55 57 5 78 97 71 82 76 50 54 87 85 18 39 70 53 99 95 19 2 49 89 72 6 2 20 13 2 37 3 29 0 78 63 83 53 77 76 85 94 16 78 76 9 73 15 17 62 48 78 

67 37 1 97 0 11 41 54 45 39 76 77 96 96 46 22 100 39 60 44 16 78 35 0 83 38 82 24 28 48 68 87 2 70 16 99 63 80 83 19 13 56 68 29 71 53 31 70 75 73 0 69 77 67 96 91 93 70 77 47 83 57 83 65 31 34 72 98 72 31 98 7 26 91 67 68 0 12 81 58 

23 57 42 21 79 38 38 80 66 55 78 47 67 27 9 91 6 100 64 45 63 97 22 16 0 90 5 94 84 26 65 22 11 26 92 8 80 31 53 89 33 94 28 94 75 90 71 65 32 58 15 46 35 25 73 23 89 66 36 59 68 48 76 27 52 73 38 57 35 65 22 51 54 22 47 93 94 98 85 96 

4 65 78 81 23 5 41 27 6 78 91 79 64 85 41 95 10 30 33 4 89 94 94 45 70 53 79 82 3 68 32 83 41 24 73 24 84 88 29 63 5 38 23 3 62 21 96 46 14 58 77 33 22 21 6 46 31 23 30 68 47 9 71 5 83 5 54 1 95 15 43 27 59 4 64 37 17 22 66 61 

58 81 22 38 68 3 95 77 34 33 58 20 62 97 27 6 89 87 85 30 13 82 29 0 6 91 68 85 21 28 0 47 26 56 56 46 94 2 97 26 72 32 68 1 36 26 16 51 57 38 76 47 74 31 92 79 77 99 10 64 40 2 14 39 71 52 43 6 100 70 4 60 42 76 61 93 3 85 63 39 

49 63 92 58 32 58 91 97 8 53 100 11 9 87 55 91 19 38 14 48 55 26 55 66 50 45 44 0 10 55 84 93 59 61 29 57 68 62 6 54 88 1 69 0 85 89 93 47 79 84 79 62 48 11 98 55 80 97 73 7 35 81 14 56 50 37 21 5 36 36 65 27 98 67 71 68 10 49 19 50 

22 90 81 79 3 44 57 26 94 80 100 62 22 1 47 50 61 2 9 41 28 12 48 73 67 41 24 86 0 75 63 46 11 94 28 89 65 22 82 35 19 94 79 92 95 5 32 75 10 50 71 67 31 10 26 66 47 49 53 4 44 21 58 45 7 96 53 77 45 63 8 82 77 76 18 70 67 75 14 53 

93 92 2 81 49 48 81 7 99 48 74 27 40 81 88 23 87 78 75 94 89 65 74 77 93 40 74 54 48 54 90 71 14 19 81 84 70 88 81 74 74 96 99 5 93 9 88 92 6 85 70 53 20 47 16 7 73 64 98 18 96 81 3 6 27 58 47 73 84 17 65 20 1 50 45 10 56 57 86 84 

32 9 2 4 84 48 82 40 59 19 88 34 32 88 37 60 36 42 79 51 91 31 47 25 64 80 37 80 20 22 73 9 35 99 60 33 92 89 54 19 12 27 65 62 16 26 64 97 38 85 29 13 83 29 20 87 47 89 36 87 98 11 19 1 79 75 52 31 89 21 80 99 61 61 72 28 57 14 6 61 

94 90 62 64 58 4 88 38 91 44 8 10 79 21 17 71 79 53 64 26 100 8 28 80 67 97 17 38 68 62 26 74 55 58 89 99 53 89 98 79 67 93 29 38 17 5 51 51 43 57 63 11 11 48 16 72 15 50 100 76 73 42 48 93 71 93 71 20 68 45 65 30 27 59 52 51 5 2 99 96 

56 90 80 15 50 57 58 63 67 56 83 45 14 7 42 24 51 6 8 68 35 61 26 60 89 90 9 19 55 34 87 94 11 30 78 86 3 34 12 76 51 15 66 29 74 32 79 27 43 48 33 58 70 29 41 76 3 54 10 39 10 85 64 100 96 37 90 53 39 99 49 43 30 77 14 77 51 13 73 66 

56 15 88 74 93 95 57 46 88 10 74 25 29 17 1 3 57 91 23 7 60 89 29 87 43 99 13 72 70 80 62 84 38 71 90 31 60 7 79 93 36 28 67 72 44 17 91 59 70 37 79 34 32 25 77 38 41 59 84 75 29 30 94 3 87 13 52 56 64 99 53 69 79 96 6 96 23 5 1 99 

98 56 53 71 89 61 85 21 20 72 24 56 54 49 60 80 74 48 37 22 46 30 96 98 11 96 4 45 58 66 83 33 67 5 89 44 9 14 91 66 74 16 44 33 45 77 9 23 29 87 0 10 100 34 88 91 6 74 93 82 2 62 5 97 17 66 95 60 85 70 87 40 100 64 40 78 80 45 36 34 

81 20 60 83 81 61 100 67 2 55 22 100 47 80 4 99 46 40 58 91 37 3 10 45 1 49 22 50 4 5 41 89 56 62 15 77 66 98 69 84 30 74 27 69 60 81 19 72 91 50 89 28 56 11 52 76 66 73 46 77 98 77 51 76 30 59 43 54 57 6 8 61 83 22 3 29 19 65 29 27 

93 56 72 57 8 12 97 92 99 71 17 19 3 66 37 16 42 25 83 7 44 63 57 11 35 36 96 8 48 82 5 42 91 95 18 70 98 48 45 45 38 14 81 49 58 49 24 10 54 51 25 87 84 74 85 54 25 40 88 88 26 30 8 83 25 53 72 39 77 93 69 81 49 82 56 82 50 78 73 24 

60 5 55 42 98 70 72 46 40 79 82 39 19 15 39 82 47 70 83 25 4 87 71 65 1 30 87 47 58 26 18 12 80 81 48 22 56 13 34 64 16 35 17 58 62 37 2 37 86 2 40 89 48 49 33 30 14 96 35 91 39 92 9 42 96 88 2 20 80 36 20 63 29 99 26 15 67 46 26 96 

33 76 65 92 41 33 3 99 73 49 46 98 60 3 40 57 25 19 96 55 25 45 32 65 73 37 19 93 23 82 89 10 77 90 75 47 63 46 8 14 82 12 39 27 22 14 11 33 9 0 24 52 28 71 63 24 21 11 71 19 0 22 73 14 23 26 49 63 46 40 51 32 82 100 1 9 4 42 63 60 

21 10 8 26 44 63 85 75 68 89 90 32 74 39 71 75 43 43 61 9 71 91 57 95 79 2 8 2 51 53 40 14 88 30 2 18 51 22 76 59 44 15 54 3 70 52 54 12 45 20 32 36 27 26 75 13 0 23 92 78 98 6 37 84 39 38 27 31 62 87 54 55 88 16 14 27 8 46 70 94 

57 4 37 15 38 78 85 89 23 97 27 98 33 13 58 3 60 3 80 16 99 99 9 74 73 82 4 63 71 42 32 95 73 75 41 52 36 42 93 31 61 93 1 88 36 48 82 59 10 74 36 21 31 10 58 36 49 94 33 62 79 24 90 83 34 46 32 61 1 25 67 28 89 35 36 10 7 4 26 30 

43 6 95 42 24 7 37 98 35 98 76 39 56 56 13 92 36 29 75 4 68 37 12 46 35 93 73 91 71 72 16 4 63 48 76 82 47 54 61 79 82 19 87 89 36 79 95 75 6 97 0 99 14 41 10 29 62 46 76 35 82 89 66 58 10 68 33 35 79 67 67 93 63 47 39 27 31 0 60 21 

8 71 16 91 30 33 51 31 53 8 44 26 8 86 1 80 15 58 30 63 18 11 68 59 15 64 1 47 75 62 1 86 2 54 68 10 83 76 76 98 14 60 87 70 51 60 82 3 48 29 78 4 57 16 59 91 14 59 48 22 36 26 47 1 63 70 6 7 18 23 73 50 31 69 45 47 90 98 44 16 

96 75 97 63 95 46 98 50 68 57 33 34 4 80 31 79 51 34 76 51 3 94 83 20 20 60 97 8 24 38 93 41 28 7 84 77 9 74 33 95 34 62 88 66 36 40 24 50 73 70 86 93 84 27 39 75 55 2 27 36 77 12 6 77 78 29 59 63 72 65 69 57 67 40 8 0 19 95 31 26 

14 79 65 59 26 43 37 59 54 77 2 93 95 74 3 89 26 99 21 61 46 48 97 36 37 40 40 53 68 5 67 41 25 41 82 43 78 38 68 82 43 51 20 2 10 96 65 77 93 5 1 74 1 31 31 10 43 87 23 30 27 59 22 48 34 60 20 30 4 89 58 31 87 50 89 16 71 74 92 63 

14 76 43 40 61 88 66 34 99 81 91 35 97 74 81 36 92 70 91 12 52 78 10 31 24 87 63 29 98 39 67 48 11 44 65 78 35 39 60 28 13 36 7 19 67 79 21 16 26 76 81 61 88 81 7 11 62 54 52 34 48 44 62 40 22 24 22 67 61 58 4 4 2 11 93 54 62 50 28 66 

90 99 55 82 58 39 41 97 28 52 98 12 89 64 89 96 9 63 90 70 82 52 17 28 64 18 0 20 2 73 36 95 66 41 88 47 28 27 48 18 84 15 20 71 78 50 77 37 23 73 10 81 87 7 32 67 68 61 17 48 13 99 72 92 5 41 1 4 91 42 21 98 71 17 6 48 81 78 36 51 

71 2 16 4 78 33 8 85 11 63 99 74 29 81 84 55 82 100 26 27 22 46 42 24 96 78 34 93 55 41 98 72 47 6 94 78 45 1 97 37 23 14 19 13 60 26 87 31 56 98 27 21 14 36 15 7 40 69 31 32 80 73 29 30 13 91 74 19 89 77 54 59 42 53 31 17 98 20 28 74 

2 79 35 100 76 32 9 35 12 25 78 27 44 24 45 61 10 11 54 11 88 45 75 47 41 56 24 1 98 84 22 15 71 38 73 26 11 74 27 87 52 48 13 61 83 70 72 52 11 14 57 56 53 2 15 25 16 18 95 4 4 0 74 10 47 64 56 59 86 93 54 38 65 73 3 82 40 63 24 24 

