100 20
21 18 0 54 77 52 27 64 29 60 77 57 85 66 20 37 36 65 95 91 

52 60 41 67 95 57 7 54 33 17 76 88 28 14 6 85 54 70 9 71 

37 43 6 11 79 24 69 1 89 94 61 83 25 94 3 85 6 100 26 25 

17 60 2 5 38 24 95 21 85 85 45 68 99 50 44 73 17 17 4 20 

48 59 41 75 81 26 11 57 69 47 34 82 24 11 14 14 1 78 87 7 

82 43 61 39 19 99 23 54 12 60 53 34 76 32 69 78 42 15 46 79 

11 41 77 45 91 53 35 20 4 74 81 79 80 39 18 91 98 55 85 31 

68 33 31 3 25 81 53 38 12 9 23 67 87 46 18 50 59 76 50 96 

8 43 41 78 49 6 32 94 95 93 17 17 38 51 22 55 56 0 25 9 

58 67 38 61 23 15 2 29 67 5 51 78 44 27 67 39 10 40 63 68 

95 20 19 88 26 95 73 6 22 45 52 94 81 35 93 77 16 12 96 73 

71 33 53 8 18 0 93 6 90 29 24 27 60 69 24 56 44 20 21 42 

42 99 66 45 61 72 37 9 97 80 39 46 51 42 49 70 71 16 47 14 

66 11 21 34 44 48 86 99 83 10 73 22 9 84 76 54 32 69 76 19 

70 35 44 50 64 66 10 90 54 50 20 7 50 34 82 17 54 30 23 27 

65 35 7 30 44 30 70 43 87 98 45 59 11 22 10 51 31 30 88 62 

96 55 42 63 79 78 53 82 73 26 4 77 83 19 88 84 54 57 2 32 

13 93 17 88 72 16 45 95 13 84 38 73 15 95 3 37 21 45 18 99 

76 23 94 45 4 76 38 10 45 39 61 1 36 24 17 0 25 3 94 2 

43 50 12 58 42 78 89 53 54 61 13 87 48 15 57 79 62 87 20 26 

24 53 54 85 58 28 17 15 78 1 20 19 67 22 36 48 84 23 78 9 

92 28 79 62 51 92 14 77 38 9 15 17 99 73 16 48 45 19 56 25 

4 54 69 69 76 69 92 93 24 42 10 85 68 73 4 85 82 3 20 17 

22 81 27 86 32 74 11 24 56 89 48 36 12 36 62 37 71 95 49 52 

27 96 8 79 52 9 77 41 46 38 8 67 26 60 38 29 30 31 73 81 

58 6 18 55 76 34 73 49 31 11 14 89 66 36 28 70 79 6 85 24 

41 49 32 4 41 83 52 95 46 65 9 7 54 52 97 87 88 23 36 4 

15 22 47 18 45 42 90 59 49 11 57 16 74 9 11 42 47 51 65 36 

97 62 53 14 67 53 5 24 93 89 26 14 45 100 96 35 65 64 36 23 

66 17 53 25 40 85 14 55 21 58 67 46 34 28 70 47 99 0 19 43 

28 6 21 78 34 88 75 24 75 79 43 6 73 14 33 78 2 5 2 0 

89 6 97 18 20 8 93 60 60 96 76 81 25 62 9 19 5 58 34 24 

4 26 55 0 75 84 12 23 2 69 89 68 97 89 58 16 8 9 74 100 

67 87 32 55 90 32 11 27 74 57 90 63 16 38 48 92 14 28 6 3 

1 16 4 57 55 50 91 22 14 18 58 76 85 45 28 2 97 58 1 22 

61 54 32 34 95 12 66 14 38 30 18 67 40 46 49 56 12 84 41 42 

94 54 56 34 62 49 22 99 40 2 15 51 81 53 35 68 93 79 84 12 

62 35 21 41 81 45 53 22 37 49 48 70 48 92 42 73 76 25 65 24 

64 64 39 35 100 68 48 56 49 23 46 20 17 25 74 32 64 64 16 89 

61 24 73 12 44 7 38 95 17 10 60 10 4 63 82 19 89 1 84 73 

73 91 29 39 63 58 92 68 9 35 71 54 10 26 83 8 88 32 22 9 

21 16 43 38 50 40 87 70 13 67 81 69 92 63 76 33 89 47 34 99 

0 23 72 66 31 35 40 64 87 72 1 6 35 81 32 23 95 59 20 32 

88 69 22 71 69 74 64 72 51 7 74 64 56 46 94 66 35 64 83 16 

3 27 66 53 26 29 65 64 69 74 81 85 48 75 45 62 33 19 35 65 

42 64 2 14 61 13 93 0 13 38 59 73 32 49 24 26 95 99 55 30 

22 93 79 59 81 34 65 83 49 75 67 80 73 20 58 76 33 11 44 12 

90 72 5 72 49 80 8 49 66 0 42 6 30 69 1 92 80 16 30 71 

44 94 1 27 23 100 91 56 13 93 60 49 54 2 85 31 49 28 85 10 

41 73 28 8 56 9 69 56 1 67 12 55 82 96 61 64 19 63 13 82 

7 31 58 64 18 30 66 79 50 36 86 21 45 41 64 31 17 70 26 46 

13 13 48 74 35 33 100 22 81 79 89 59 69 50 95 80 87 50 64 18 

5 11 64 72 21 86 9 92 64 11 82 36 84 46 66 68 79 82 82 92 

79 61 85 16 4 65 59 65 69 63 63 2 76 40 64 28 52 75 44 86 

84 78 79 63 94 34 1 18 30 39 63 62 47 23 8 58 54 88 91 51 

57 5 9 80 13 44 97 23 25 2 99 29 14 88 40 56 87 82 83 55 

8 36 8 77 42 81 29 70 80 46 24 39 76 37 42 91 36 52 36 24 

22 82 41 4 43 84 51 97 100 59 46 26 87 57 72 59 11 1 53 45 

23 50 12 18 13 94 65 96 41 28 48 65 87 49 99 85 19 40 22 29 

89 56 63 6 84 90 20 19 12 46 48 22 2 75 34 44 84 77 17 21 

1 59 67 68 0 29 98 66 75 44 10 18 76 99 27 90 28 31 50 25 

22 94 21 97 1 85 98 51 89 80 46 42 57 53 56 22 52 3 66 64 

3 15 66 67 34 92 66 2 84 58 39 33 67 36 99 7 39 54 24 37 

84 62 33 86 38 8 93 26 79 41 28 17 36 50 91 84 71 90 16 98 

22 66 31 19 69 68 73 4 56 49 68 93 73 46 96 69 28 77 42 39 

68 79 0 87 22 13 93 70 58 55 92 90 8 30 2 29 52 20 82 16 

59 87 61 29 67 3 3 18 59 0 93 14 45 41 21 81 94 2 15 92 

74 100 100 73 26 5 40 97 40 90 63 4 44 76 58 69 12 58 73 52 

69 89 98 85 68 53 62 2 44 81 25 7 19 72 98 32 83 8 32 21 

59 21 99 84 74 3 36 79 21 82 29 54 33 83 46 74 3 97 47 47 

61 46 21 70 17 97 35 63 63 95 10 26 85 97 95 73 90 23 49 36 

97 97 78 27 90 91 91 72 99 52 50 31 94 63 56 36 39 65 85 36 

75 83 7 9 32 63 63 44 53 64 73 97 95 63 11 70 71 99 76 32 

76 88 7 51 17 85 29 16 6 59 38 46 2 81 23 7 35 0 67 1 

61 37 62 51 17 74 23 87 72 28 56 0 94 41 22 66 26 62 6 12 

77 13 10 79 97 9 20 64 6 12 76 75 19 14 94 97 78 29 51 59 

98 8 17 44 19 82 45 27 64 5 76 46 73 55 95 14 100 65 100 11 

38 80 39 26 69 62 78 25 64 68 56 6 14 47 72 40 56 46 79 97 

23 23 58 5 9 30 19 38 16 79 81 96 28 49 82 69 73 55 91 36 

2 47 62 55 83 43 51 68 70 2 75 10 80 12 85 14 8 8 76 44 

34 49 19 94 26 2 10 23 27 45 30 17 83 4 31 23 99 5 63 47 

63 45 79 0 84 93 32 72 84 38 24 61 3 93 81 5 44 42 95 16 

95 20 30 26 73 40 90 49 80 63 98 58 15 74 41 92 22 5 90 90 

58 43 71 27 7 21 63 10 4 93 40 41 60 88 44 96 64 49 52 83 

80 36 64 34 74 51 22 14 32 72 21 69 46 73 28 71 68 54 43 6 

32 14 15 39 98 23 4 24 23 32 46 63 15 11 94 42 4 20 59 49 

58 32 14 74 13 83 48 42 56 86 64 74 5 75 71 59 35 92 53 60 

41 83 75 52 26 98 97 58 66 42 10 71 37 6 92 7 30 91 88 14 

79 50 47 69 94 90 45 85 92 10 80 0 42 47 20 44 100 35 62 62 

25 64 71 17 57 37 38 35 64 52 97 36 78 87 47 55 75 71 75 9 

8 90 82 23 16 17 100 33 63 35 42 31 29 88 56 63 67 42 78 1 

26 70 47 69 4 27 28 34 19 34 41 74 2 15 35 97 33 52 83 14 

1 37 82 89 13 73 92 88 86 65 98 29 99 16 31 75 43 25 90 97 

4 5 95 85 3 97 7 99 25 88 86 49 0 95 35 67 67 66 49 67 

77 24 61 7 37 36 64 27 57 44 53 29 43 87 4 56 87 51 63 40 

74 27 78 78 34 4 89 77 70 71 66 96 14 19 57 14 66 57 51 63 

32 49 72 68 27 46 33 6 91 44 11 99 13 6 76 48 53 21 54 65 

12 90 59 76 48 12 63 38 97 12 52 67 61 46 13 10 68 0 93 65 

23 7 29 29 11 84 63 100 20 41 63 41 29 38 8 17 53 44 9 1 

54 85 58 77 43 46 74 81 45 74 46 23 24 93 71 22 14 52 42 50 

