100 80
0 0 0 68 26 0 80 0 0 0 23 32 0 0 49 0 18 50 66 24 0 0 33 0 73 0 0 0 12 0 24 0 0 0 0 0 0 37 0 64 0 0 0 0 4 0 0 0 0 0 6 44 0 48 0 86 0 0 0 0 0 51 0 0 0 16 0 0 82 55 10 61 0 57 76 0 0 96 21 72 

0 67 0 33 11 0 39 0 14 0 0 12 0 84 24 26 78 43 68 0 85 85 29 0 4 0 49 40 13 0 9 34 0 0 38 0 0 0 17 0 0 68 0 24 79 0 32 0 0 28 0 5 0 0 0 76 0 0 38 57 0 0 0 0 0 21 61 0 0 68 31 93 3 7 82 16 0 0 0 5 

64 0 2 0 0 0 0 61 0 0 71 44 0 19 0 96 99 0 58 0 6 0 46 88 26 0 0 60 26 85 0 0 14 0 18 0 90 0 42 0 5 0 23 0 0 65 0 38 19 0 0 90 91 47 6 0 0 0 56 0 0 0 81 0 57 0 0 0 40 78 15 8 0 79 0 0 0 62 0 8 

29 0 0 0 57 0 0 50 0 0 40 81 44 32 0 0 0 17 0 0 0 0 0 52 0 98 93 0 0 0 0 2 71 0 0 16 92 0 33 95 0 86 0 11 47 59 0 81 76 0 0 0 0 0 0 0 77 32 0 0 25 27 0 15 0 0 61 0 0 44 0 26 0 0 11 0 51 0 0 36 

24 74 21 0 37 68 0 43 68 88 0 64 30 29 39 37 0 17 0 41 0 65 96 85 42 52 0 16 0 5 15 13 74 0 0 30 91 40 53 0 85 74 0 32 21 8 0 0 98 0 56 0 96 0 0 0 64 0 22 0 0 0 100 0 3 45 54 0 0 0 0 0 0 94 74 0 26 0 12 32 

0 0 0 55 0 0 0 20 0 10 14 77 32 0 17 0 0 46 84 0 0 65 0 0 0 76 0 29 0 27 70 0 0 30 96 0 0 8 0 0 42 0 0 0 5 26 0 96 36 0 0 40 90 90 0 27 88 41 0 0 0 61 0 45 69 74 34 87 82 94 87 0 0 0 0 0 5 4 0 0 

35 0 88 75 65 0 0 0 96 69 0 46 0 58 96 0 0 0 57 32 0 0 21 40 0 65 0 0 12 92 0 0 0 0 30 0 61 68 2 0 63 0 0 0 98 95 5 40 21 69 0 78 0 0 68 0 60 22 14 0 0 18 80 13 0 49 10 0 45 88 96 0 0 0 0 0 33 0 0 0 

0 21 0 24 0 0 65 4 93 100 2 49 0 0 0 0 64 0 0 83 0 0 0 0 0 0 46 13 11 0 97 17 0 0 0 97 3 67 9 0 8 0 43 0 0 79 49 4 0 97 24 0 0 29 52 1 0 0 45 0 46 0 3 0 0 2 0 85 0 81 0 11 95 0 95 54 0 24 0 0 

96 0 1 0 0 0 0 0 14 46 54 0 0 0 0 70 0 0 59 28 0 85 0 0 99 0 65 0 0 0 0 12 82 1 63 0 0 0 49 26 0 7 61 0 90 93 25 85 4 0 96 0 0 0 88 0 41 0 0 75 0 53 79 0 17 0 93 84 0 25 36 0 7 20 0 44 64 0 19 0 

0 13 95 91 0 0 13 0 32 0 0 0 0 82 67 0 1 19 0 67 0 0 0 0 48 0 0 72 32 92 0 0 0 49 50 0 100 41 3 8 8 89 78 0 29 0 0 0 0 0 13 0 0 40 0 0 0 0 0 0 0 86 59 0 0 0 85 35 51 69 51 61 0 0 0 0 0 0 32 0 

0 16 70 0 63 0 0 63 0 55 0 0 56 0 44 47 0 8 0 0 29 92 0 37 0 0 0 50 0 10 0 0 0 32 0 55 42 26 0 0 0 86 89 77 0 0 62 0 9 0 0 54 17 0 0 62 0 0 0 0 59 0 0 27 0 0 0 0 67 0 0 0 47 0 9 62 95 39 82 17 

79 6 0 0 0 8 65 0 0 0 99 92 0 96 0 0 0 0 0 0 45 0 25 0 0 0 0 0 0 0 5 61 25 1 0 75 0 0 0 76 43 15 0 0 0 4 0 69 89 56 31 52 0 23 0 49 0 0 4 0 0 21 0 47 0 0 5 1 0 0 0 62 0 0 69 100 0 16 27 16 

0 0 0 88 0 0 89 0 0 30 0 0 0 0 38 45 45 0 58 92 10 80 57 0 92 0 0 87 80 27 0 0 71 0 0 0 95 67 0 0 0 49 0 0 0 49 5 53 0 0 0 70 0 91 27 79 0 0 97 0 0 31 79 0 0 0 55 98 61 0 0 0 55 33 27 33 0 34 68 0 

0 0 80 71 0 97 2 99 0 61 3 0 0 59 0 0 0 0 76 27 0 0 0 0 6 0 0 0 0 10 0 0 25 0 60 100 0 0 93 34 0 0 0 47 96 51 0 66 18 68 95 0 0 0 0 0 25 80 36 3 0 0 84 5 76 8 0 48 0 90 64 0 0 0 0 70 100 0 0 83 

0 62 0 59 0 28 0 0 0 0 14 0 39 0 0 55 72 0 6 43 12 49 0 0 59 0 0 0 0 10 0 0 0 0 43 0 98 0 41 92 0 0 0 0 0 0 0 11 0 0 0 0 45 0 6 0 37 97 0 0 20 0 0 0 0 0 0 15 0 3 61 0 8 38 0 6 0 0 0 66 

24 73 0 0 0 24 43 0 82 0 95 0 33 69 0 54 81 26 10 60 82 94 99 0 96 0 5 0 0 2 0 0 85 0 0 27 27 59 25 0 0 0 0 24 20 44 0 0 44 0 0 0 0 95 18 0 2 97 76 0 68 15 0 49 0 2 13 6 0 77 0 0 6 0 95 0 62 55 0 0 

71 0 91 64 35 0 0 0 3 39 9 60 78 47 74 21 0 72 78 0 0 94 0 0 0 0 94 36 0 15 20 50 0 0 0 0 0 0 24 27 20 0 0 81 40 53 79 0 84 27 0 22 0 0 26 0 27 80 8 90 81 31 66 0 0 14 88 61 88 0 23 94 0 0 0 83 76 8 0 66 

37 68 0 47 0 0 0 85 100 0 68 3 0 14 0 12 16 7 50 0 0 0 58 0 86 86 0 17 77 0 0 10 0 14 0 0 34 0 0 71 4 0 3 0 77 0 0 12 80 0 19 89 79 0 0 0 0 81 0 0 4 39 20 13 0 22 0 1 33 0 0 0 0 0 0 55 0 0 0 79 

0 0 27 91 4 0 0 0 0 91 0 92 84 78 88 0 0 99 0 0 52 0 62 85 78 0 0 0 58 0 0 93 52 1 91 0 0 0 48 11 0 0 0 0 0 13 11 0 0 0 0 48 0 71 0 38 0 0 0 65 0 0 88 30 89 0 0 0 0 68 0 0 61 10 4 81 0 1 0 2 

0 0 0 0 0 73 97 0 69 0 0 32 0 0 47 25 0 7 30 93 86 50 0 0 0 0 0 0 0 0 0 59 39 0 47 19 19 0 87 53 76 91 21 0 38 0 37 89 0 0 0 0 62 17 0 0 80 0 17 17 48 20 0 89 0 0 0 87 0 0 0 0 84 0 0 0 0 0 0 59 

74 0 52 0 63 87 0 57 35 99 0 90 65 0 0 0 0 13 0 0 0 0 24 91 0 6 77 0 50 69 78 0 0 46 46 29 0 0 35 30 0 0 48 0 0 0 51 0 60 70 66 0 0 0 0 69 0 1 0 0 0 1 0 0 0 0 0 0 57 89 79 0 0 0 0 0 74 0 21 70 

84 0 35 0 4 0 0 0 0 5 30 43 27 62 0 69 75 0 0 0 7 0 51 0 0 0 0 8 42 89 34 0 0 26 10 56 0 49 8 0 0 80 25 0 4 0 97 0 0 0 0 66 0 0 0 45 0 8 55 71 0 18 33 99 22 0 21 50 0 58 0 16 0 0 0 84 0 0 34 65 

0 48 22 0 0 80 92 37 0 0 0 0 11 0 0 0 55 0 0 0 20 15 0 0 0 27 16 0 0 0 86 51 0 0 9 0 73 0 59 0 0 0 0 27 0 0 0 0 0 0 15 0 27 89 62 0 19 60 0 0 67 6 85 0 0 72 6 92 0 0 39 35 0 0 0 0 43 87 46 72 

42 83 0 87 95 57 45 3 32 60 0 0 0 67 85 45 55 31 23 62 97 0 26 0 0 0 0 0 0 31 0 97 0 22 37 48 0 0 47 87 0 33 0 0 0 80 66 0 48 63 61 0 54 0 0 0 0 11 85 0 0 97 21 0 0 79 70 39 52 9 88 0 0 87 11 0 70 0 52 0 

55 0 61 0 49 91 91 63 22 55 19 0 89 78 27 100 0 8 39 0 69 0 0 0 38 0 0 0 49 19 0 0 67 0 0 31 0 0 0 0 0 0 5 0 53 0 0 0 91 0 84 21 0 0 0 0 66 0 0 0 0 0 0 46 0 0 98 46 36 12 59 25 47 67 0 0 58 59 99 0 

0 0 50 12 61 43 0 87 0 52 87 63 74 92 36 0 82 0 0 16 0 0 0 57 0 0 54 0 0 100 10 52 81 0 51 96 0 0 0 0 77 0 0 0 0 77 0 31 22 0 0 0 0 26 0 0 0 93 60 13 96 97 0 0 0 95 0 0 0 92 9 0 59 26 58 0 0 69 0 97 

0 65 65 0 70 0 0 4 0 33 45 17 57 68 93 0 78 83 0 24 0 0 0 0 38 0 0 19 48 0 0 0 0 0 0 23 0 0 40 0 18 0 0 0 0 0 55 77 52 24 19 0 88 0 85 0 62 62 0 0 66 0 0 0 0 19 0 0 0 88 65 71 22 0 97 0 46 65 0 0 

10 9 26 88 75 0 76 0 0 62 70 0 84 0 0 81 41 0 74 40 50 41 0 95 65 77 0 0 39 0 0 0 0 0 0 98 10 0 0 0 0 0 12 15 0 0 16 0 0 0 0 0 0 0 0 0 0 0 89 47 0 0 78 0 0 0 17 0 74 38 12 11 14 22 0 45 4 0 24 0 

57 0 9 75 0 0 0 98 25 0 23 67 98 0 71 0 30 0 10 0 0 0 0 0 24 97 36 28 0 34 78 38 0 0 0 0 44 21 86 19 0 54 0 37 0 74 0 0 0 49 21 0 0 21 94 52 51 0 78 77 0 0 0 90 100 8 96 0 19 17 0 0 0 0 91 24 0 0 75 0 

0 0 0 73 7 0 0 99 26 12 0 0 0 78 69 2 25 0 17 0 0 0 41 0 93 18 80 38 0 9 0 0 0 0 82 0 88 46 4 0 95 58 5 0 0 91 8 20 39 0 90 0 0 0 0 0 38 89 67 56 0 0 49 0 0 0 0 0 0 0 0 0 0 98 0 0 18 88 0 0 

95 93 36 94 0 47 0 35 0 8 0 0 93 82 0 0 0 40 99 83 11 0 0 31 0 0 0 0 0 0 3 0 0 0 100 54 0 0 80 0 34 59 0 73 0 0 97 0 0 0 0 41 7 36 0 0 14 87 0 47 5 0 0 0 99 44 0 0 0 0 0 0 0 0 0 0 81 56 76 0 

71 54 0 0 17 44 0 29 17 67 0 0 0 22 63 20 0 0 52 0 0 34 0 0 0 0 0 0 0 93 60 73 0 74 2 16 37 0 0 0 0 29 0 9 0 0 22 0 60 61 0 27 6 97 0 15 0 3 91 48 65 0 0 58 0 58 0 0 44 0 0 0 100 0 66 0 0 0 0 0 

0 0 90 0 65 76 17 40 0 0 62 42 0 0 0 0 0 0 0 0 0 0 8 84 0 13 0 88 0 11 89 80 0 64 0 0 0 0 0 48 0 0 34 53 0 0 26 32 0 0 0 0 0 21 0 64 0 0 88 0 0 0 35 0 0 71 95 16 0 30 0 36 0 49 0 42 49 59 0 41 

18 0 0 0 99 69 50 48 7 0 0 43 0 0 0 63 19 48 34 0 0 35 11 44 0 0 0 0 0 63 0 55 0 67 79 0 61 43 0 0 88 0 34 0 0 10 6 84 4 93 0 0 66 0 0 92 0 60 0 86 55 14 0 9 0 3 42 0 89 0 67 0 60 19 93 0 0 0 81 0 

0 0 0 0 7 0 0 51 0 0 53 72 7 15 0 0 20 0 93 14 0 0 62 25 79 0 24 0 0 27 94 61 84 0 0 0 34 0 0 39 0 0 45 0 0 0 26 0 85 44 0 0 45 18 0 0 0 0 98 76 0 0 0 0 0 0 19 0 0 83 0 30 4 86 0 0 0 48 15 16 

0 95 85 27 17 14 47 0 4 96 0 0 43 52 37 0 0 89 48 0 24 64 48 0 69 24 0 38 55 82 0 0 40 25 82 29 71 0 60 27 26 0 0 0 0 88 71 0 95 97 0 0 0 69 48 1 80 15 0 99 0 0 55 44 57 75 76 68 100 0 0 0 48 0 0 42 80 0 0 9 

0 7 0 24 37 0 0 0 0 29 0 0 0 70 90 0 0 0 0 0 58 0 49 0 0 95 24 0 0 67 31 0 75 58 0 0 0 75 74 15 46 0 0 0 93 0 7 0 5 18 31 99 47 57 38 13 0 0 0 83 0 81 83 38 70 0 0 28 20 0 0 12 0 0 0 73 74 57 0 0 

0 0 27 0 39 27 0 90 0 87 0 44 71 5 62 81 89 0 0 18 63 0 10 42 31 0 0 28 0 0 0 0 0 85 0 0 15 1 10 96 8 58 68 0 0 60 0 0 16 7 44 0 64 47 0 3 6 66 100 43 62 0 0 0 0 65 0 0 98 87 0 0 0 0 21 56 0 10 0 22 

0 0 85 46 83 93 42 0 0 0 0 0 79 0 0 28 20 56 0 21 0 44 16 85 0 0 58 41 0 0 0 64 72 65 0 27 0 0 19 7 94 70 0 35 0 0 0 24 58 35 0 0 0 0 0 0 0 59 0 0 0 73 0 42 0 0 56 58 0 79 0 0 0 0 0 0 0 0 68 0 

0 5 13 0 97 51 88 0 86 66 51 74 0 0 57 59 0 69 53 0 28 0 1 87 51 0 0 0 21 0 0 0 42 20 11 17 90 0 10 0 0 66 50 3 81 0 81 0 93 0 0 0 76 0 16 91 0 31 0 0 0 0 95 11 36 0 0 50 0 15 84 44 86 32 86 60 0 9 0 0 

55 40 0 40 46 89 0 69 21 76 26 0 98 40 96 59 0 0 81 3 0 0 34 39 0 0 0 0 42 25 0 0 44 0 74 32 0 80 0 61 0 0 81 0 0 85 55 0 2 0 62 0 0 0 0 0 18 40 0 58 0 0 53 4 39 0 0 0 38 92 0 0 0 13 0 100 0 51 40 0 

96 0 0 87 0 0 0 0 0 67 83 0 0 96 0 0 99 80 0 0 21 0 0 0 0 0 0 21 22 52 78 0 0 10 97 17 43 0 55 42 63 32 54 0 0 0 81 30 0 5 0 0 0 0 44 98 0 0 0 0 0 0 0 32 0 15 74 25 0 49 84 0 0 0 0 0 0 0 0 44 

0 0 9 9 0 71 0 0 10 0 6 24 0 7 77 0 0 100 5 0 0 54 9 0 0 63 0 0 36 32 98 97 96 0 0 0 0 0 33 0 85 0 0 99 0 19 2 72 21 76 0 67 0 0 32 0 0 20 0 0 0 0 0 16 3 14 0 0 42 28 0 0 0 0 97 13 27 0 0 7 

66 28 0 0 0 0 79 75 34 0 6 26 0 24 52 15 0 49 12 0 0 0 0 0 0 41 69 51 0 0 96 63 79 82 57 91 0 47 49 0 0 0 21 0 0 0 25 0 0 38 49 0 0 0 94 3 0 0 75 41 0 0 0 42 6 12 75 5 52 0 0 0 0 78 59 0 0 37 0 0 

45 0 45 0 77 0 0 95 0 33 0 0 63 10 0 76 33 16 0 0 0 24 0 6 66 0 28 0 18 0 0 0 78 38 64 0 0 97 0 48 90 9 0 0 55 0 0 0 49 43 48 49 79 0 0 67 33 0 0 96 0 96 57 27 25 0 0 0 24 10 3 0 4 11 73 0 1 85 80 0 

0 10 0 0 8 2 23 81 0 0 0 94 0 14 0 0 0 28 0 91 9 89 0 57 0 0 0 66 0 0 39 48 51 83 64 0 99 12 0 0 0 5 0 0 52 55 59 33 81 0 0 0 0 0 11 0 49 0 40 100 47 41 6 88 85 0 0 0 0 0 0 5 52 0 0 0 76 0 0 0 

0 14 87 8 0 0 32 0 75 90 93 5 0 0 16 0 0 11 77 17 0 75 67 4 28 0 66 80 68 60 7 96 62 17 0 0 83 0 89 0 97 60 88 0 0 0 47 0 40 0 0 0 0 0 2 0 14 0 86 23 0 97 0 0 11 90 89 24 58 75 0 0 0 17 0 0 0 16 0 40 

0 0 0 0 0 0 0 0 90 0 12 0 0 20 0 97 84 0 0 93 7 3 19 0 0 0 0 87 0 64 41 51 0 58 7 91 33 18 0 32 68 0 0 0 0 0 0 98 87 0 15 0 0 52 0 8 30 3 25 23 0 0 0 25 63 67 74 0 67 0 0 99 100 87 0 62 73 35 61 0 

47 0 0 0 0 0 44 0 0 97 0 0 0 30 24 84 34 0 0 0 0 0 62 0 47 14 0 96 0 86 0 0 9 76 23 0 0 51 81 0 47 0 0 0 96 0 0 10 0 0 0 0 4 0 0 47 0 92 86 0 38 0 0 48 27 0 0 0 58 73 0 0 79 14 17 0 0 0 0 55 

0 0 89 45 23 69 0 23 0 9 74 0 92 48 0 0 0 12 0 0 20 92 48 56 0 0 0 7 0 63 0 0 0 0 0 97 0 76 0 85 0 69 91 0 0 87 75 0 16 0 100 58 3 0 0 0 55 0 0 29 75 95 18 32 91 0 0 0 0 0 59 33 0 78 0 0 0 66 20 0 

77 0 7 60 0 92 0 0 0 48 0 0 43 99 0 0 26 24 0 0 0 86 0 13 0 0 0 14 0 0 0 95 48 0 0 44 0 34 83 0 85 0 9 52 0 0 0 16 17 0 16 0 85 0 0 2 0 0 0 0 0 0 0 0 0 87 0 0 0 80 0 95 71 0 0 73 9 95 97 0 

0 0 50 16 12 23 0 44 0 42 0 0 56 82 0 0 0 8 20 0 0 0 50 100 91 0 35 0 13 0 61 92 0 5 30 2 94 42 0 0 29 0 0 0 40 40 0 0 0 0 95 0 0 0 19 17 55 33 77 0 0 0 6 0 3 23 15 86 0 0 70 0 51 41 0 11 0 0 83 78 

0 0 0 79 44 5 85 0 81 0 0 0 37 0 0 0 0 0 0 93 87 42 0 0 36 0 35 0 0 0 0 0 4 0 30 40 0 14 99 45 0 0 12 14 0 0 0 59 64 49 98 36 0 0 0 0 0 98 0 0 0 100 65 0 75 0 0 0 43 0 16 84 84 10 0 39 0 77 0 0 

89 42 42 0 13 0 61 68 0 88 0 0 55 47 67 14 37 0 60 86 26 0 83 14 0 0 81 0 45 90 83 0 96 58 0 13 64 0 0 100 17 37 0 11 7 0 0 0 39 0 15 71 30 0 14 0 0 0 0 30 0 0 97 21 91 0 0 0 0 4 0 36 33 17 0 25 0 90 28 0 

0 30 0 0 0 0 30 22 41 32 24 63 21 99 0 0 0 80 0 0 79 68 0 80 0 18 72 29 0 0 0 42 0 55 0 46 0 91 0 0 85 23 42 49 84 26 8 0 0 88 0 60 33 39 0 0 0 44 36 0 43 0 0 0 14 6 0 16 51 0 4 0 66 82 0 0 0 59 98 69 

0 88 33 0 3 0 27 43 0 4 24 0 0 42 0 80 13 70 0 0 9 3 0 0 11 67 0 39 34 0 0 43 0 13 0 27 67 34 0 25 71 0 86 0 14 0 100 0 38 0 0 0 92 94 5 76 0 0 53 0 92 0 93 36 0 0 0 0 80 10 72 0 11 31 97 50 0 0 84 57 

67 0 65 50 9 0 71 80 79 78 83 96 43 5 0 0 55 0 71 77 0 0 0 0 0 64 0 0 72 0 26 34 0 0 33 0 90 0 91 0 0 0 0 99 89 97 0 0 86 0 43 69 7 79 0 0 0 99 3 0 76 96 97 66 0 0 29 6 53 58 37 69 87 0 0 28 0 0 85 0 

8 0 0 0 0 0 35 0 0 61 9 0 55 84 96 0 15 0 0 0 0 57 0 25 100 0 0 25 0 0 25 11 0 36 0 34 39 0 9 0 0 0 0 0 0 45 0 0 0 47 0 47 26 0 0 0 0 0 58 66 83 50 0 88 4 49 49 0 8 15 0 85 0 0 0 50 4 11 0 46 

20 0 0 8 0 0 84 5 53 15 29 0 49 18 0 100 74 0 0 0 49 2 0 0 37 0 0 97 0 74 0 87 0 52 0 0 65 91 45 41 76 0 0 0 42 64 0 0 36 82 36 0 0 0 0 49 0 0 0 0 0 0 13 0 0 0 0 0 93 0 71 7 0 0 0 44 0 16 90 0 

0 75 89 28 0 99 0 3 66 38 55 7 15 0 49 0 0 19 26 0 35 0 12 12 90 46 0 0 93 0 0 0 0 0 0 0 42 44 95 94 0 0 84 57 0 53 21 43 0 27 60 31 0 23 33 44 63 0 0 0 80 0 54 0 8 0 0 0 0 0 0 68 65 0 72 25 0 15 0 0 

22 38 24 100 0 52 6 66 0 0 83 0 5 0 37 0 0 0 0 0 82 73 0 53 0 0 0 0 94 0 20 0 60 0 11 0 22 0 0 0 30 85 82 0 0 64 49 31 0 0 94 0 58 0 25 69 0 0 0 0 31 59 58 0 0 0 0 37 8 0 100 13 0 82 0 85 85 81 0 0 

65 0 63 8 57 0 32 0 0 0 13 51 27 0 0 74 31 30 71 55 0 89 3 0 43 10 18 0 66 0 0 64 0 0 54 99 0 80 77 0 0 0 0 0 0 23 0 93 0 0 0 52 0 0 0 0 43 71 0 0 0 0 42 0 0 57 0 26 0 39 0 0 0 16 20 0 0 0 92 13 

0 86 35 22 32 0 76 0 8 27 0 0 63 0 0 0 36 53 0 19 0 60 70 0 0 78 78 37 0 0 76 0 0 86 0 0 0 0 44 62 0 0 0 0 0 100 35 0 0 86 0 31 90 0 5 0 12 79 95 96 0 0 60 0 3 45 0 0 0 2 72 0 24 21 75 21 39 63 0 68 

38 16 1 5 0 0 0 44 91 0 58 0 0 64 0 0 0 0 0 0 0 63 0 98 87 1 0 52 56 90 0 74 0 16 32 60 0 11 0 0 66 0 67 0 77 23 83 82 0 35 27 0 98 0 42 83 70 81 0 0 0 69 0 0 70 0 10 8 0 0 0 0 0 47 0 0 0 0 0 34 

14 12 58 69 0 0 67 21 93 51 0 0 48 8 0 0 9 49 7 6 0 0 95 0 0 12 35 76 0 91 0 2 17 28 24 0 7 78 0 58 0 3 35 0 30 0 6 100 41 0 30 78 54 66 0 9 0 0 91 0 0 0 0 0 13 77 0 0 0 13 88 0 52 0 27 0 0 18 89 0 

80 79 86 41 0 0 0 37 0 0 44 0 0 15 42 69 0 75 92 20 0 81 0 22 4 75 0 0 35 95 0 60 99 0 0 18 11 0 78 35 54 70 39 5 0 65 0 0 9 0 0 51 0 14 39 16 0 46 0 0 89 87 42 0 0 64 11 54 0 0 59 99 19 84 0 74 0 0 0 88 

43 0 0 0 57 0 6 15 52 0 0 0 19 0 62 100 90 44 86 0 1 44 0 19 0 0 83 4 28 0 64 0 74 81 85 75 1 0 0 0 51 0 4 46 0 0 4 9 0 54 63 35 0 0 0 72 0 0 35 0 99 0 0 41 28 0 29 0 0 0 37 24 0 80 39 12 19 0 32 14 

67 0 0 99 97 0 0 78 30 0 0 0 0 0 0 0 32 0 94 0 78 38 0 67 0 0 0 50 64 35 3 0 4 43 0 56 0 0 0 94 0 0 0 0 0 0 0 0 0 0 79 0 0 86 0 0 0 0 0 88 41 44 0 6 0 0 0 73 0 92 70 79 45 99 84 0 96 74 72 54 

41 94 0 0 0 32 31 83 99 58 76 0 0 3 47 77 77 0 0 0 0 0 0 0 0 1 90 0 100 0 56 80 83 0 14 36 77 0 0 52 0 0 69 0 92 67 63 0 0 0 84 0 53 68 84 13 0 11 89 53 93 26 1 66 0 0 0 82 33 0 65 0 36 84 97 0 45 18 0 18 

0 56 0 11 0 34 87 27 0 7 0 63 49 0 0 0 0 71 0 11 0 42 91 86 94 77 60 69 65 0 58 19 35 0 17 0 0 0 5 92 77 42 94 0 0 0 5 0 92 76 0 0 2 6 11 92 8 0 76 76 92 0 43 0 0 34 96 82 10 87 0 0 0 0 27 0 0 61 0 0 

27 0 70 47 0 68 0 3 17 49 77 0 65 0 0 0 0 0 0 31 13 71 36 0 43 18 100 54 0 4 0 0 57 0 0 50 0 94 23 98 39 0 0 0 0 0 26 0 84 13 37 13 0 0 29 48 5 76 0 0 86 0 33 5 0 89 0 49 84 58 0 66 0 4 0 0 58 0 34 97 

44 0 89 66 0 0 27 0 24 0 14 0 64 0 0 0 0 77 33 0 0 0 15 13 6 94 0 42 98 0 0 11 15 3 88 65 0 98 0 0 0 0 71 9 79 38 5 69 0 0 37 75 0 90 0 79 0 0 58 0 0 41 0 18 74 0 0 0 0 94 29 70 50 35 43 87 99 0 0 0 

0 0 90 0 77 0 39 75 0 8 21 60 0 0 58 92 0 0 0 61 44 0 0 27 0 0 100 63 59 0 56 0 40 7 31 0 0 0 0 61 58 0 67 93 0 97 37 0 0 76 49 88 49 98 40 0 0 0 0 0 0 68 0 36 47 70 79 17 0 62 75 0 0 89 37 0 0 0 12 71 

0 74 45 0 19 81 0 0 65 0 0 75 97 85 0 41 0 0 37 43 0 47 39 0 66 0 0 0 0 0 23 0 0 0 50 0 47 0 0 98 0 0 0 0 0 0 0 0 0 49 99 0 79 38 56 0 0 0 12 23 0 87 39 0 0 0 57 27 1 78 0 32 97 0 0 0 87 0 0 78 

0 95 35 58 71 0 0 0 61 34 0 0 49 0 0 0 0 47 0 99 0 0 0 17 0 18 7 0 0 67 55 0 13 0 28 0 53 0 0 0 91 84 0 0 0 0 33 0 0 75 90 19 0 0 0 50 78 62 0 0 45 0 0 0 0 80 48 71 12 0 21 83 52 0 0 0 0 62 0 67 

67 87 93 0 74 0 0 91 33 45 0 97 52 32 13 7 49 0 0 0 32 0 0 0 0 90 69 88 46 83 0 0 54 33 0 9 88 0 84 0 8 27 68 38 21 75 0 64 0 0 76 0 58 67 81 62 0 77 87 54 15 0 72 0 0 0 0 0 0 95 14 19 0 37 40 56 0 62 26 49 

0 0 0 0 78 0 88 42 0 0 44 0 0 0 63 0 0 0 0 29 23 24 0 71 0 0 0 8 58 60 0 28 61 0 25 0 53 0 59 71 0 0 0 0 0 85 0 0 77 43 1 0 0 0 0 36 25 0 18 0 33 0 0 0 0 0 22 60 75 0 88 13 91 0 4 0 56 35 0 90 

51 0 0 7 0 62 0 62 46 86 0 0 48 52 0 0 65 0 0 69 0 1 0 22 0 0 0 65 0 0 0 52 76 7 0 88 27 2 69 13 75 63 0 39 0 89 0 4 67 0 20 93 0 0 0 0 91 36 0 37 42 0 0 40 24 0 0 0 5 34 33 28 0 0 26 58 0 0 75 0 

0 49 0 0 43 0 0 86 87 0 0 23 65 42 9 0 99 0 0 3 38 0 0 0 75 32 87 76 0 26 0 54 0 20 36 0 19 83 78 52 0 0 0 0 24 94 0 59 0 4 0 0 79 27 0 24 0 0 99 41 0 0 90 37 53 40 28 6 0 45 9 0 25 0 59 0 0 16 99 9 

0 0 0 0 79 0 0 0 97 55 0 0 42 0 0 93 0 6 3 78 96 82 0 0 0 90 76 0 41 37 93 0 0 0 32 0 0 0 0 16 85 0 0 99 0 25 90 81 49 0 87 23 3 6 91 0 0 34 7 27 0 9 95 77 93 0 81 58 52 88 61 28 34 33 94 20 54 73 0 37 

0 71 0 0 0 0 77 36 0 0 56 52 52 0 97 0 0 0 0 0 13 31 65 0 37 0 0 36 83 36 25 28 63 35 0 0 88 0 40 0 0 39 0 0 40 11 0 0 0 0 15 66 37 57 0 32 0 11 0 36 0 0 47 43 0 60 0 0 0 0 0 0 93 67 0 47 0 0 65 0 

49 4 82 33 6 0 21 55 98 3 0 0 0 76 56 21 44 92 30 47 0 0 0 63 0 67 49 0 33 96 96 71 60 15 97 0 82 0 0 82 96 0 87 0 0 0 98 0 0 90 78 22 0 0 75 52 9 79 83 4 0 12 0 75 54 6 0 0 0 0 64 1 87 33 17 33 19 36 0 0 

21 0 0 0 0 0 100 74 18 97 57 0 0 0 0 25 90 0 0 92 0 91 0 0 98 53 45 0 0 0 74 84 8 23 2 0 38 0 0 2 0 23 0 0 99 9 0 0 95 63 0 50 37 98 0 0 18 70 0 0 0 0 0 0 0 0 0 86 0 13 0 30 97 0 3 0 63 43 0 0 

21 32 93 6 0 0 0 0 17 70 0 0 86 57 60 44 7 15 0 0 0 0 0 60 0 0 0 0 0 73 0 0 0 66 68 45 0 91 0 31 97 0 0 0 0 19 44 0 0 34 0 29 7 0 83 83 16 35 0 0 0 0 0 0 98 58 0 0 0 10 23 70 41 0 0 0 39 0 62 12 

30 0 0 0 0 0 0 65 30 35 58 95 18 0 0 99 0 0 50 0 22 94 30 20 70 0 0 7 91 0 20 37 14 0 83 0 0 19 31 8 15 86 74 91 0 0 16 0 27 0 0 67 0 51 3 0 47 65 47 37 0 0 0 0 97 62 50 21 51 0 53 74 95 71 0 0 42 0 0 0 

97 0 6 0 71 0 70 53 0 0 64 50 81 0 0 0 44 0 0 28 0 0 6 0 0 80 32 62 76 0 0 29 70 0 0 54 0 6 0 4 11 0 0 0 42 0 0 0 0 0 17 4 86 0 53 0 0 0 97 0 53 0 0 48 0 0 91 0 0 89 0 3 0 0 0 0 17 11 0 73 

0 0 0 0 0 21 0 67 0 88 7 49 76 6 42 11 43 83 1 0 44 0 21 0 0 0 25 81 0 16 0 0 0 0 53 0 9 24 34 53 0 65 0 0 17 0 0 85 83 2 0 0 100 79 96 42 0 87 0 0 37 0 77 62 19 2 0 10 59 42 0 37 0 31 0 12 54 0 45 75 

0 89 0 11 81 0 41 45 0 0 95 0 43 0 0 90 0 98 0 0 34 21 0 77 0 91 81 0 62 54 99 48 0 57 0 42 47 0 0 0 0 52 0 36 21 45 45 0 46 9 0 75 0 32 0 0 0 0 6 19 68 0 0 0 0 0 0 81 3 0 8 0 0 0 69 43 0 43 76 0 

0 0 0 0 0 0 0 0 0 0 98 71 96 0 0 19 0 4 59 53 3 68 36 0 0 75 3 0 0 0 39 0 0 0 0 0 0 0 0 0 75 0 72 0 55 0 77 0 89 23 0 79 15 0 0 79 42 0 87 28 61 0 0 65 15 6 33 0 0 46 0 0 0 49 0 0 70 0 0 56 

58 28 100 93 81 0 84 96 0 85 77 0 0 0 81 0 28 72 0 7 0 0 44 0 69 17 47 100 0 0 37 15 20 0 0 79 0 0 89 34 45 0 0 0 0 19 0 0 82 4 0 0 0 2 64 0 31 31 58 0 0 16 48 0 57 0 0 100 16 86 80 0 0 0 0 66 5 0 0 0 

0 80 98 0 0 0 40 0 27 100 0 64 42 2 57 0 69 0 0 87 54 0 0 26 51 0 0 0 0 0 5 0 64 96 0 82 53 82 0 69 0 0 33 0 0 0 0 0 0 0 25 4 0 0 63 62 0 0 0 0 0 0 21 0 89 0 0 80 40 61 19 87 0 0 0 0 0 0 0 0 

4 99 0 0 68 27 63 18 0 43 0 0 2 0 0 0 81 0 0 0 0 3 0 0 0 0 0 0 0 89 0 0 0 12 12 0 0 0 80 0 17 15 0 0 3 0 78 0 0 0 0 63 0 81 0 35 0 53 77 23 0 46 0 0 0 0 61 0 0 80 48 24 0 0 62 0 94 0 0 0 

53 97 0 53 0 0 0 0 0 0 0 17 0 0 0 0 3 0 0 0 0 0 22 0 0 0 0 0 56 0 0 0 35 59 47 0 0 0 0 0 5 0 48 0 0 15 44 0 92 49 0 20 0 0 0 15 9 58 0 0 27 0 66 66 0 30 0 0 33 57 0 0 97 25 99 38 0 0 57 2 

98 0 0 0 97 0 0 0 0 0 0 0 0 0 61 88 34 0 0 0 15 0 0 0 45 0 50 88 0 0 0 74 58 19 0 0 0 0 0 84 81 55 62 0 0 0 0 0 0 0 89 0 44 57 93 0 80 0 0 81 85 0 0 0 17 11 53 53 0 0 0 0 76 75 0 0 0 0 20 29 

18 62 0 0 0 0 84 0 2 0 0 0 43 72 90 0 0 0 59 21 46 26 28 0 92 0 2 29 0 0 0 0 0 80 0 0 63 0 0 0 29 0 0 46 5 0 11 0 41 73 50 0 1 0 0 43 0 74 0 0 0 0 0 74 45 0 62 0 61 52 0 0 0 0 0 79 0 0 59 0 

23 0 0 73 77 82 0 0 0 73 3 67 46 1 38 0 0 55 38 0 69 11 89 93 0 29 0 0 0 27 0 0 0 0 0 0 71 52 0 0 0 30 85 0 63 0 0 70 0 0 75 59 100 0 0 5 0 0 0 6 27 0 0 18 9 89 0 32 0 0 33 13 78 0 32 21 0 78 0 0 

26 71 0 0 0 41 66 56 15 35 0 0 29 60 0 0 0 0 0 51 94 0 88 0 0 32 28 0 67 35 0 0 76 27 0 7 100 0 11 0 23 34 0 0 54 47 48 79 77 0 67 0 0 0 0 0 0 0 0 97 0 0 44 40 0 0 0 30 10 100 0 0 45 0 0 69 17 56 57 50 

27 66 4 54 0 19 0 85 98 38 0 83 0 0 0 8 0 0 85 0 30 0 0 0 33 9 0 0 0 76 0 0 31 0 0 0 13 0 34 86 33 29 0 89 6 0 0 0 0 0 92 0 0 45 52 0 45 0 85 0 0 47 0 0 55 48 37 88 9 0 97 50 0 25 0 77 28 0 18 0 

30 71 75 0 68 0 20 0 5 0 61 0 43 76 0 89 85 0 0 5 43 8 55 0 86 26 11 39 29 0 0 64 71 41 0 1 15 0 3 0 0 0 24 36 3 0 0 16 18 74 0 5 37 0 0 59 0 0 39 0 0 74 16 0 56 0 83 0 0 0 35 83 0 14 56 23 80 52 0 0 

89 33 67 33 79 44 0 0 13 0 28 70 85 71 37 0 0 76 0 0 0 24 0 78 0 0 12 0 0 0 0 25 61 0 0 0 80 0 0 0 42 0 0 0 32 0 48 98 0 0 0 0 0 0 57 69 0 71 0 18 0 0 0 55 0 0 30 49 71 92 0 0 60 64 86 0 80 31 0 0 

