100 25
0 0 66 7 0 0 0 18 27 65 0 92 19 0 80 0 0 0 0 97 0 0 0 0 0 

0 98 87 32 13 0 0 0 0 66 0 0 19 74 0 0 0 8 9 0 0 0 52 0 80 

0 50 17 0 0 0 7 5 0 64 0 0 0 52 0 94 0 81 0 0 88 0 67 0 0 

35 17 24 0 0 0 9 0 0 0 87 0 0 0 0 32 0 0 0 81 75 0 0 64 0 

0 100 0 0 97 0 0 37 0 0 0 0 30 0 0 97 0 72 0 0 0 66 33 0 0 

0 0 48 17 46 0 0 31 19 66 0 71 100 0 77 0 90 85 68 0 0 0 35 37 0 

0 0 98 21 0 27 51 72 92 31 0 0 0 12 81 6 0 0 14 46 98 12 12 0 0 

0 0 0 0 0 0 0 0 0 0 0 42 99 86 0 0 73 0 55 0 41 0 0 49 0 

98 69 16 63 90 62 28 0 78 0 0 38 25 5 55 0 42 43 0 0 65 11 0 94 89 

0 0 0 44 75 0 36 0 0 15 0 22 41 75 52 0 0 0 91 0 0 21 62 0 58 

96 0 0 74 0 75 0 69 1 0 0 0 0 0 0 89 38 0 0 0 0 0 38 0 0 

33 45 0 0 42 28 0 0 11 0 3 0 0 0 0 73 0 21 40 0 71 16 95 0 11 

0 20 32 0 94 0 39 15 33 0 0 68 0 18 0 66 28 20 31 0 56 0 0 92 10 

95 0 88 38 0 0 0 22 94 0 24 0 0 0 0 0 0 0 0 0 0 0 70 0 0 

0 100 69 0 44 52 44 42 0 80 85 0 0 0 44 45 26 0 29 0 0 0 0 0 54 

29 0 0 62 66 0 65 35 0 0 71 0 0 68 0 30 0 8 91 77 34 0 0 68 43 

0 0 3 0 0 0 0 65 7 33 0 69 74 0 0 85 0 63 0 58 0 28 61 0 63 

92 0 0 25 69 0 28 0 29 66 0 0 0 14 66 4 0 10 59 29 0 0 0 14 99 

0 44 0 38 60 0 0 0 0 69 0 87 24 0 90 81 100 24 0 3 0 55 0 0 0 

49 18 0 0 50 0 0 16 42 0 37 30 45 0 79 68 23 0 38 0 34 10 0 62 0 

26 48 0 0 68 98 100 0 0 0 0 0 0 97 0 0 68 26 0 33 0 67 0 0 0 

0 0 44 22 93 75 37 0 72 55 33 0 0 100 0 0 47 69 0 44 0 0 0 5 0 

59 0 42 44 28 0 0 0 78 0 40 0 83 45 0 0 0 34 25 11 0 0 0 0 100 

0 16 48 0 11 0 90 0 1 6 71 0 0 30 0 13 0 0 14 0 0 0 0 77 0 

74 99 0 0 67 0 84 66 0 0 0 0 0 56 0 6 0 84 22 25 0 5 51 0 0 

3 0 0 72 0 0 0 60 0 0 0 0 56 57 0 0 0 25 42 53 60 0 0 0 0 

69 42 0 24 0 48 0 74 18 0 9 0 0 0 27 66 46 96 58 18 0 54 0 22 24 

13 24 0 8 67 0 0 0 61 78 0 0 85 78 0 23 13 56 94 1 93 48 22 0 39 

47 0 42 0 73 35 83 52 69 0 0 50 18 44 82 77 0 0 0 0 95 0 0 0 68 

0 27 0 67 87 75 9 0 0 16 0 37 23 0 0 7 0 32 0 20 65 69 36 23 0 

89 45 75 35 56 49 84 82 0 0 0 13 52 92 0 0 0 0 0 0 0 0 61 99 0 

0 0 69 18 99 0 0 19 0 0 0 82 54 47 68 62 0 65 77 0 21 21 0 13 38 

14 0 33 0 0 0 49 0 50 53 63 52 0 0 63 79 97 40 79 39 0 13 85 89 59 

0 0 0 75 0 0 0 71 0 0 0 28 34 0 0 0 80 0 0 0 0 52 0 0 46 

0 47 23 0 45 0 0 0 19 0 10 0 36 0 8 0 0 0 66 19 20 0 61 0 0 

67 0 0 0 89 0 69 0 0 64 43 24 52 0 27 0 0 0 0 0 99 0 0 60 0 

27 0 0 0 11 48 77 33 0 60 0 0 0 68 0 0 62 0 0 0 81 79 60 0 57 

10 92 0 71 0 0 0 0 0 0 12 0 91 0 50 0 0 69 6 0 0 0 0 62 0 

0 47 20 0 63 0 63 0 0 8 0 0 10 0 0 0 0 0 64 86 0 0 0 39 0 

0 94 0 0 0 0 92 69 0 13 70 48 87 0 6 92 0 0 71 0 38 0 0 100 21 

0 5 26 0 0 58 27 13 0 52 11 90 17 72 0 53 4 0 0 0 0 0 60 92 0 

0 0 98 4 0 55 0 0 14 78 0 0 29 83 0 94 12 0 0 41 0 82 57 89 90 

54 0 84 0 0 0 0 0 91 19 17 30 0 27 75 59 10 96 0 5 0 87 9 0 0 

0 0 90 0 0 47 0 0 41 0 15 26 61 38 85 0 93 0 32 0 0 19 90 0 62 

87 0 60 0 0 0 0 30 22 0 84 88 0 39 14 46 68 0 0 0 0 83 18 0 1 

5 0 25 71 15 0 0 7 75 0 0 0 0 0 0 0 0 74 65 100 0 0 14 0 0 

74 0 0 85 25 48 53 99 52 0 28 94 0 0 9 34 0 0 67 0 0 0 0 77 0 

0 99 0 0 59 0 0 96 0 29 35 65 22 0 96 0 44 30 0 14 0 49 0 30 0 

6 0 0 0 2 0 85 2 0 0 72 23 0 0 0 43 0 0 97 0 0 11 0 0 0 

69 0 7 0 20 0 0 75 0 78 0 0 51 61 0 28 0 73 0 89 0 0 66 0 0 

0 0 25 0 0 73 0 48 46 0 0 0 43 0 0 8 0 99 99 10 0 0 0 51 36 

0 41 100 0 0 49 0 17 0 89 0 34 35 11 20 0 0 89 0 0 0 0 15 0 84 

93 0 47 0 52 0 85 0 0 91 43 34 0 89 0 0 0 0 0 0 0 66 71 100 0 

0 59 0 0 0 42 0 0 0 0 0 82 0 0 0 0 0 10 48 13 97 21 49 32 75 

0 0 66 0 0 23 0 0 0 18 27 71 27 94 27 0 0 0 8 57 0 64 0 0 89 

29 29 0 50 47 70 0 52 0 87 0 94 0 16 59 0 0 72 52 37 19 0 73 58 0 

0 14 33 61 0 0 90 67 0 9 99 0 45 0 0 54 37 2 0 0 0 0 85 7 63 

0 0 37 71 0 52 93 46 58 0 0 0 0 0 0 20 0 0 67 17 0 0 0 96 0 

0 43 50 0 87 0 27 5 65 0 9 89 90 90 0 53 20 29 65 0 0 0 25 0 53 

26 8 0 65 0 0 86 65 43 0 57 25 0 62 53 0 76 0 53 0 0 26 0 0 0 

0 43 0 0 0 86 19 15 20 68 59 0 0 0 0 42 0 0 0 87 0 43 29 3 0 

30 80 49 0 29 55 0 0 42 0 0 0 40 0 91 47 0 0 42 0 0 0 5 0 0 

41 0 73 23 0 0 17 96 96 0 0 98 0 63 0 97 0 100 0 0 0 0 0 0 0 

88 43 20 2 0 0 0 95 24 99 14 95 68 0 0 0 0 0 0 0 72 0 0 0 65 

0 85 86 0 0 33 0 0 48 0 84 0 0 0 49 0 0 0 61 52 0 0 0 0 25 

0 0 0 73 0 0 3 0 0 0 0 35 0 0 0 57 0 0 59 36 0 3 14 95 0 

0 19 0 0 67 0 19 0 0 55 33 0 78 0 0 0 0 0 0 0 26 3 0 10 67 

98 0 0 48 61 0 0 92 0 0 3 0 0 33 0 2 0 0 0 59 0 0 0 34 6 

44 72 43 2 0 99 0 98 1 0 0 0 0 86 0 0 0 0 3 0 0 67 36 45 70 

32 14 38 0 0 82 61 0 0 0 51 89 50 62 29 87 0 0 0 3 65 0 28 0 0 

43 0 0 55 0 0 15 0 0 0 77 0 0 75 70 3 48 64 0 0 24 67 47 77 0 

0 90 0 60 0 0 100 69 91 0 23 0 0 0 0 35 91 0 22 89 0 0 66 57 0 

0 57 85 0 0 92 68 59 0 76 64 25 0 0 0 77 52 0 0 74 93 27 15 25 84 

97 72 10 0 0 74 0 92 26 0 63 0 17 6 0 0 0 50 0 0 0 0 50 0 0 

89 0 0 0 85 22 0 27 56 0 0 54 31 0 0 0 0 49 0 0 90 61 62 99 0 

42 75 33 84 0 0 0 0 0 0 0 0 2 0 0 0 0 0 0 70 0 74 0 0 40 

7 0 0 0 0 0 48 84 19 70 0 82 0 74 0 0 0 84 58 0 0 83 27 0 0 

2 89 0 79 90 78 0 30 97 0 0 91 65 83 0 0 0 8 0 86 19 0 0 0 50 

0 58 0 82 0 87 0 98 0 0 0 0 87 0 0 0 1 20 52 58 0 0 93 86 0 

38 59 78 0 0 61 70 0 0 0 69 0 93 23 0 0 20 0 0 59 0 0 0 0 0 

0 0 0 0 24 40 0 0 52 88 30 0 27 28 0 0 5 96 0 18 87 49 0 28 0 

0 27 0 0 0 0 0 0 44 15 11 0 44 0 1 52 56 9 0 0 45 55 39 91 0 

98 0 33 9 79 0 90 0 87 0 19 87 0 0 0 50 0 33 48 67 0 24 47 0 0 

17 0 38 0 0 0 30 24 0 71 25 0 51 0 0 22 0 61 76 36 0 0 7 0 27 

80 97 0 96 0 79 0 0 88 87 0 0 53 35 70 0 0 0 0 0 0 73 36 0 98 

0 0 0 0 83 39 70 48 47 0 68 0 49 0 46 0 0 90 0 46 71 0 0 52 89 

15 0 0 64 0 0 0 0 32 69 57 0 0 69 15 0 21 0 48 78 66 0 0 59 21 

29 74 78 8 0 43 0 78 0 42 33 0 0 0 48 67 10 9 57 0 0 0 32 47 0 

0 80 73 0 20 0 25 86 86 61 94 0 0 92 0 0 38 69 67 70 0 100 15 0 0 

0 41 0 0 65 0 68 0 16 0 0 0 11 3 0 55 0 0 0 0 54 0 0 83 0 

77 0 11 0 0 0 0 0 0 100 66 14 0 94 0 0 0 0 53 31 0 31 85 0 0 

0 0 0 68 32 10 35 0 31 0 0 0 0 87 0 0 0 0 98 0 0 0 0 11 0 

77 24 0 41 61 0 39 71 0 0 48 0 0 0 88 2 10 96 1 0 0 0 18 8 90 

0 0 75 74 100 0 0 97 0 21 3 0 82 60 0 31 55 0 0 28 0 56 0 0 43 

0 0 68 57 0 99 0 75 93 5 0 0 0 51 67 0 46 90 0 0 0 0 0 0 45 

0 60 81 0 0 79 19 0 0 0 0 0 0 0 3 58 16 91 35 2 50 64 5 80 99 

63 51 0 35 0 8 0 0 0 0 98 0 9 34 0 0 0 94 70 0 33 0 0 0 0 

0 0 0 0 0 53 0 0 0 0 55 30 48 14 0 44 42 80 0 1 71 0 0 93 64 

0 0 31 34 0 0 52 90 38 0 24 0 0 66 11 15 0 0 0 0 0 0 100 0 8 

9 0 0 91 0 19 49 70 0 0 0 87 43 66 0 11 86 0 0 0 10 7 81 7 0 

