100 50
93 0 0 5 0 100 0 0 91 14 50 87 0 0 0 0 20 0 44 0 0 0 94 6 0 0 38 0 99 8 28 0 23 37 30 15 0 32 0 0 97 7 78 39 0 0 0 81 54 0 

0 0 2 37 65 0 0 0 0 0 0 0 0 0 0 0 0 0 0 0 59 39 74 0 0 0 57 70 0 0 51 0 0 62 31 89 0 0 31 45 0 0 13 98 16 0 0 0 99 0 

71 38 0 30 0 99 36 0 0 1 0 0 0 97 17 0 32 54 3 83 93 6 78 29 57 0 0 0 0 1 0 0 0 0 79 0 89 0 36 47 0 0 67 5 0 22 69 0 0 0 

0 21 54 0 0 0 32 51 0 0 65 0 0 0 96 0 9 63 100 0 62 0 0 0 24 36 0 60 0 61 75 65 8 91 0 0 8 0 75 0 0 0 0 91 97 59 59 36 92 19 

21 0 0 40 0 0 51 0 0 50 23 0 70 9 14 0 0 0 63 65 90 25 28 76 0 0 63 0 18 0 3 60 0 0 2 73 53 74 0 0 0 0 38 0 38 41 0 0 65 0 

0 0 0 0 87 94 84 0 0 87 40 0 0 74 0 0 0 8 39 88 0 55 0 98 0 73 86 7 12 100 0 6 86 0 45 0 47 100 0 99 46 37 64 0 87 0 0 21 92 76 

0 3 84 0 70 15 0 0 29 0 0 50 0 0 82 0 48 46 0 62 0 76 0 20 0 0 14 0 0 95 0 32 77 45 38 84 51 50 0 32 0 70 0 0 29 25 0 0 0 18 

0 79 0 34 95 0 0 31 3 15 0 32 0 45 0 43 0 0 8 0 8 98 0 0 32 28 0 0 0 0 66 95 14 0 46 87 62 0 0 0 91 26 0 97 54 5 0 9 0 2 

85 36 0 0 73 0 0 0 3 0 0 0 36 0 0 74 59 36 0 0 75 0 0 0 19 0 68 95 0 88 0 0 94 0 0 0 73 0 0 81 0 0 0 0 53 0 37 0 22 14 

42 69 62 0 0 87 99 71 23 56 0 96 16 0 0 0 0 0 0 0 0 21 33 0 82 95 0 97 42 0 0 0 68 11 0 74 0 92 0 0 0 30 0 0 0 0 87 0 57 27 

0 89 0 28 0 69 0 15 0 0 0 0 77 92 46 41 91 0 0 0 0 23 0 15 0 0 89 0 0 0 8 0 0 26 0 84 0 0 63 50 0 0 43 0 0 95 0 0 0 58 

0 0 68 0 0 0 0 78 45 0 0 49 90 0 31 0 0 0 95 85 98 0 0 0 11 0 40 0 14 0 73 84 0 92 56 64 61 17 0 0 0 0 44 0 0 42 0 55 0 27 

75 0 0 7 0 40 0 65 46 61 0 44 0 59 39 67 78 79 0 0 0 53 0 44 0 0 56 100 3 0 0 0 0 0 0 0 0 32 0 0 0 0 0 0 0 0 0 37 53 9 

82 14 10 65 0 25 88 0 92 29 22 0 0 0 7 0 22 0 0 25 91 0 0 0 4 0 0 0 70 0 9 0 0 51 0 95 80 81 0 72 93 10 0 100 0 0 0 0 0 25 

9 86 19 0 0 27 91 0 0 0 54 0 31 0 0 21 0 0 0 71 28 74 20 19 96 50 0 70 44 79 51 37 0 17 75 55 43 89 3 47 0 87 41 0 29 0 0 0 40 30 

0 6 0 96 0 84 81 0 35 7 0 0 0 0 0 50 28 0 78 0 0 0 37 55 1 0 0 88 30 0 0 0 0 0 0 5 0 48 35 0 39 0 40 0 0 0 40 80 0 42 

0 63 0 0 36 0 0 0 78 0 19 16 0 0 0 0 70 0 0 0 93 0 60 0 3 0 28 0 0 69 0 44 72 0 26 0 0 4 0 0 75 99 0 7 0 0 55 0 0 7 

0 61 13 0 0 0 75 81 22 0 0 27 0 10 49 0 0 92 54 1 0 45 0 48 0 79 0 61 85 57 0 0 0 0 0 23 0 75 46 45 0 0 0 6 0 78 0 19 0 55 

0 77 96 0 0 0 0 84 16 97 13 0 0 70 0 76 64 16 0 0 0 40 0 19 0 0 0 0 50 68 0 93 34 0 0 0 0 93 0 18 0 36 38 0 72 28 5 93 71 1 

30 0 51 0 0 26 54 0 71 99 53 0 66 85 0 58 0 36 0 19 66 55 31 75 0 53 69 0 62 0 56 0 0 0 0 0 59 51 0 0 0 0 0 0 0 5 0 0 78 0 

70 63 99 65 0 0 7 31 26 22 39 17 0 88 79 48 0 43 48 0 0 36 91 48 30 87 100 0 0 0 7 0 68 35 32 67 49 65 67 36 75 0 0 0 95 0 0 13 86 0 

0 0 23 0 0 0 46 0 44 89 0 52 0 0 0 99 0 75 5 0 6 0 0 17 79 0 29 84 0 51 0 0 0 85 38 83 71 16 18 0 0 0 0 0 0 0 0 52 70 0 

0 0 38 0 0 74 0 25 0 21 6 0 0 0 0 42 0 82 0 0 0 41 76 0 39 0 72 0 0 25 0 0 0 0 97 0 26 0 0 0 0 0 76 22 0 0 45 11 0 79 

0 19 0 0 95 0 0 0 0 0 0 0 81 0 45 0 0 0 50 22 33 0 6 55 0 0 0 49 61 27 0 0 40 0 83 0 0 21 0 74 0 13 1 0 0 0 0 22 20 14 

0 0 0 0 86 69 47 65 1 0 30 3 97 0 40 0 0 11 49 10 9 0 0 75 0 0 0 0 88 1 37 48 0 0 65 0 0 77 0 85 71 0 50 65 0 72 95 11 63 8 

45 32 0 0 37 20 46 0 60 7 66 0 0 69 0 0 41 15 79 4 0 0 11 89 95 43 24 95 44 0 46 0 0 0 55 0 0 0 84 0 0 0 0 75 0 88 0 0 0 30 

6 0 79 0 95 0 0 33 71 0 28 0 56 26 96 0 16 20 8 71 0 0 83 0 0 0 0 91 0 44 45 0 12 0 0 49 64 0 86 28 0 52 78 39 20 0 0 61 0 5 

59 15 0 52 74 87 95 0 52 31 43 0 0 0 0 80 0 56 43 88 0 79 0 35 62 0 0 0 0 0 84 36 76 0 0 46 0 92 0 18 37 0 50 24 0 0 19 76 0 0 

31 0 3 0 0 50 0 14 0 63 0 0 0 13 90 53 31 0 0 0 69 95 0 0 35 0 66 18 0 0 95 90 0 0 83 48 36 33 19 0 48 0 2 9 42 0 0 25 43 0 

24 0 0 59 0 97 45 0 0 78 4 78 60 0 0 0 60 57 45 0 0 0 0 3 0 0 0 0 0 0 0 0 0 66 0 21 0 0 78 35 0 0 0 0 0 0 0 0 0 48 

0 9 0 0 0 46 0 83 0 50 0 9 0 38 0 16 0 6 0 42 31 94 97 28 0 59 55 45 0 65 50 0 0 0 26 66 0 4 0 0 40 0 0 0 0 40 0 10 30 61 

53 0 66 48 0 0 18 0 89 0 95 0 0 0 0 0 42 0 19 11 0 0 38 0 88 97 0 0 65 71 0 10 0 2 19 0 0 0 15 55 14 40 0 19 0 51 0 42 63 7 

0 0 93 74 0 0 0 70 0 44 78 0 67 0 76 49 33 0 0 0 9 0 0 0 84 0 0 0 0 0 0 0 0 10 93 0 41 0 91 0 33 13 87 0 86 18 0 0 0 25 

28 0 0 0 7 6 0 87 0 0 67 0 0 85 59 0 0 0 0 0 0 0 80 0 17 89 0 0 75 97 94 0 0 3 0 77 0 0 0 0 64 3 0 97 0 0 0 0 0 0 

0 0 0 0 0 0 0 84 36 0 40 95 0 0 0 0 0 0 0 91 0 42 0 0 0 83 30 75 0 0 0 0 83 0 94 95 0 19 0 0 98 0 41 0 73 0 87 0 0 0 

0 92 0 0 8 32 49 0 39 0 0 46 6 0 71 0 44 80 88 23 22 58 0 78 0 0 0 93 73 0 96 76 2 0 0 85 0 0 88 0 70 54 0 40 24 0 22 46 45 0 

0 0 83 0 0 0 0 0 54 0 70 0 23 0 0 0 0 78 0 62 0 13 0 0 63 48 68 84 0 0 0 0 6 86 33 0 91 92 54 36 0 0 0 41 0 0 72 0 0 0 

56 23 0 0 86 0 52 11 65 0 0 0 4 0 18 0 20 39 37 0 0 87 0 0 0 21 67 0 0 0 6 99 91 77 54 54 98 74 70 0 0 26 62 0 44 0 95 0 0 32 

16 72 0 0 0 0 0 41 69 0 48 97 74 0 0 50 69 0 17 0 0 60 0 0 23 0 48 16 0 0 0 0 1 0 0 54 99 0 19 52 48 0 30 0 0 93 0 3 63 5 

0 0 56 0 0 48 11 0 0 0 42 57 69 8 0 39 0 44 26 0 41 0 0 0 0 85 79 0 86 0 17 24 0 0 12 0 0 0 0 0 14 0 11 0 87 0 0 0 44 0 

0 0 26 11 93 28 49 0 0 67 0 95 0 40 16 0 69 0 0 30 78 0 0 0 12 0 0 79 0 26 0 0 73 85 64 0 18 94 75 66 0 0 14 59 26 67 57 0 0 0 

0 96 0 67 65 75 0 0 62 0 0 89 34 74 0 0 0 0 80 0 47 0 17 0 8 85 0 27 0 0 81 41 0 65 0 11 6 47 50 0 0 1 0 0 59 0 0 0 0 0 

36 0 0 0 0 51 0 0 0 0 0 65 0 24 0 59 97 33 0 42 0 58 0 49 37 0 0 0 0 0 0 85 0 0 24 53 0 96 25 85 85 8 64 88 76 58 93 0 0 0 

0 71 0 0 34 0 66 82 0 0 50 57 90 0 0 1 0 0 46 0 0 0 10 0 0 45 43 60 0 0 59 36 92 63 35 96 0 0 59 0 0 40 0 0 59 0 91 0 65 0 

0 0 95 27 77 64 0 20 0 65 0 0 80 1 0 14 31 51 0 0 0 94 0 0 60 0 48 60 0 98 0 81 17 0 0 0 37 0 0 0 88 0 24 83 32 0 39 11 23 86 

5 0 74 52 64 29 30 79 55 62 73 0 15 0 0 94 19 97 0 0 55 67 0 0 38 0 14 10 92 0 58 86 38 0 0 0 0 18 85 73 0 0 0 65 0 39 0 86 0 0 

54 20 42 0 59 0 5 0 15 24 0 91 0 4 62 32 0 67 0 70 1 79 5 82 0 0 0 0 0 0 0 0 0 0 79 0 8 7 60 74 0 82 43 1 78 68 0 0 10 0 

0 29 84 0 0 2 0 0 54 23 51 0 0 0 0 28 0 0 74 0 83 32 79 0 27 36 0 0 52 13 0 0 0 0 0 0 0 0 83 0 9 0 0 49 61 30 0 56 0 0 

60 0 0 100 70 0 0 72 89 23 41 35 0 0 0 37 0 0 100 77 56 0 96 46 0 0 100 0 10 82 25 87 11 84 0 21 0 70 0 0 4 0 6 37 0 67 42 0 0 59 

0 0 0 46 57 75 0 78 0 0 17 0 68 0 28 53 10 0 21 65 11 0 14 0 0 36 0 0 0 0 3 93 0 4 0 40 66 0 57 0 0 0 73 16 0 13 74 27 99 4 

27 95 65 0 88 49 7 0 0 0 56 97 0 0 23 0 96 20 0 0 65 0 0 6 0 77 0 70 0 0 0 0 60 95 0 0 0 27 98 44 91 0 0 0 21 0 26 71 90 0 

0 0 0 48 0 92 21 36 42 48 0 0 30 0 0 7 0 47 0 23 0 0 25 0 0 0 26 0 0 0 0 0 2 0 6 0 0 0 0 0 0 100 14 89 93 72 81 0 90 59 

0 2 100 0 44 76 27 39 0 19 0 33 0 92 0 0 9 0 85 88 9 0 11 32 0 0 0 0 0 5 60 0 67 0 0 0 16 56 0 0 38 0 0 0 0 67 64 91 0 64 

20 0 0 0 89 0 0 39 48 0 0 45 0 81 0 16 0 0 0 0 33 0 7 0 43 0 0 26 80 72 0 0 18 0 0 30 89 53 33 83 0 0 14 25 50 0 0 29 63 86 

0 85 0 0 0 0 29 5 0 0 29 0 0 0 0 0 47 18 0 89 63 3 20 0 12 61 0 0 41 37 0 0 33 0 51 28 91 0 0 0 63 0 0 0 59 0 60 4 0 80 

71 8 0 0 18 0 0 18 0 0 0 0 0 0 0 0 0 0 0 0 0 29 0 0 9 0 23 0 0 54 0 14 0 42 78 0 10 0 79 65 0 0 49 0 36 0 0 0 0 49 

0 0 90 83 0 5 0 16 0 91 29 10 55 0 0 20 98 0 0 0 18 37 0 0 0 0 0 0 80 0 26 0 97 0 52 0 40 22 0 50 0 32 0 5 55 60 78 65 40 1 

0 0 74 0 94 0 88 66 0 16 29 0 0 0 1 0 37 37 0 0 64 0 48 61 0 90 70 0 0 0 0 0 58 0 77 0 0 0 3 0 0 0 4 0 0 0 73 0 4 77 

73 96 0 0 0 0 92 100 3 0 88 13 0 0 37 92 0 51 0 0 1 0 2 62 0 0 0 0 0 0 42 4 0 0 92 100 73 69 0 0 0 93 63 0 0 17 0 55 53 0 

0 45 0 0 0 0 53 0 5 0 0 46 12 100 0 99 98 0 8 0 94 87 0 59 0 0 89 45 29 100 0 92 0 67 0 45 92 75 27 0 52 0 32 0 21 0 97 72 99 0 

0 36 16 67 16 64 0 77 0 0 73 94 0 13 8 0 24 64 100 35 23 3 0 0 81 0 3 66 0 40 72 92 11 0 0 53 0 0 0 0 0 97 94 15 25 0 0 0 0 23 

0 29 0 90 0 0 33 0 35 0 0 62 0 0 53 86 52 98 0 55 0 0 0 47 0 28 0 55 0 0 0 99 45 0 97 100 0 0 0 92 0 0 16 33 0 0 96 38 16 0 

0 70 0 76 0 26 22 81 0 0 73 0 0 60 77 0 0 0 0 0 0 21 11 0 59 68 0 25 71 0 58 46 0 83 3 37 83 99 0 0 0 83 0 2 50 79 49 11 0 0 

0 76 0 73 0 61 0 0 31 12 0 84 0 11 21 0 68 53 43 0 5 70 39 4 0 0 0 0 0 0 0 0 0 0 54 44 52 0 0 0 0 19 0 0 0 51 0 27 0 26 

27 0 15 0 0 0 1 43 6 0 0 0 0 0 8 0 33 0 52 63 0 0 16 0 89 14 2 20 0 76 72 67 98 0 0 53 0 33 0 0 0 0 0 0 0 0 43 0 0 63 

0 0 0 0 38 0 66 77 0 18 0 0 0 0 10 28 49 100 99 0 0 75 36 19 36 0 7 0 5 43 0 87 38 0 0 2 2 0 0 56 66 96 82 0 26 3 15 3 0 76 

0 0 46 43 75 9 65 0 98 70 0 7 43 0 0 20 26 11 0 62 70 88 0 50 0 17 15 45 12 0 0 0 0 91 80 0 0 3 88 0 3 84 0 0 0 0 16 41 23 3 

0 31 0 0 0 0 0 55 0 30 0 0 79 0 0 0 44 0 51 0 0 0 75 31 0 91 0 39 0 0 12 0 17 0 0 87 1 65 0 71 90 0 0 89 0 0 66 0 33 0 

52 9 1 48 74 43 0 41 22 70 0 0 0 77 8 16 0 0 0 9 4 0 0 61 0 0 0 68 52 0 0 0 0 0 0 0 79 0 63 0 36 0 0 83 45 32 0 0 0 0 

58 0 0 0 24 94 99 27 83 59 0 32 0 83 20 0 0 93 13 0 0 0 0 0 21 0 80 0 88 9 0 68 70 75 20 0 1 0 0 81 0 0 52 15 0 0 0 2 0 50 

8 22 0 45 0 0 27 5 91 63 87 0 0 97 53 24 90 71 0 68 43 0 15 34 18 0 0 0 51 0 79 24 66 99 0 63 0 3 0 71 0 6 62 5 0 0 0 76 0 0 

44 0 68 12 30 0 0 6 37 0 48 0 40 33 45 32 47 60 26 16 59 0 0 0 80 100 0 61 0 6 31 63 0 19 87 0 0 63 0 95 0 0 16 27 77 27 0 92 94 87 

0 24 92 41 13 33 0 0 12 67 63 56 56 0 32 0 94 75 0 93 78 27 31 0 0 0 92 9 29 8 29 22 15 0 0 43 0 0 0 24 43 0 0 92 77 0 0 18 63 0 

0 0 0 0 0 8 40 75 46 64 0 54 7 61 0 0 0 0 0 91 0 5 0 16 0 0 0 0 87 93 90 0 38 0 16 0 0 0 56 72 48 49 0 0 0 55 0 0 0 0 

29 52 0 0 24 55 0 31 0 13 83 0 0 78 0 0 0 28 0 7 0 57 0 74 77 89 0 23 0 79 0 45 79 0 0 0 0 0 0 17 49 0 30 42 92 0 0 0 0 100 

0 0 96 0 65 0 0 0 0 0 0 0 0 0 0 50 0 0 0 40 52 0 0 0 0 33 33 0 0 0 0 0 0 0 52 16 15 0 57 95 0 0 0 60 62 0 0 51 0 0 

0 0 89 81 56 12 55 0 0 70 0 0 8 0 0 0 0 0 0 0 72 84 0 0 0 0 0 15 0 23 0 0 0 48 0 0 0 17 76 57 24 0 28 0 52 79 43 0 2 0 

68 75 21 0 0 0 0 20 50 0 65 96 6 0 0 0 79 73 0 0 97 0 0 0 0 0 0 0 36 0 0 47 52 87 4 0 0 61 46 0 96 44 58 0 0 54 86 64 0 83 

0 77 24 48 0 0 68 0 0 0 0 35 50 0 76 0 92 50 0 36 85 0 0 0 53 86 0 8 0 0 87 0 0 0 0 0 0 71 2 0 83 77 79 37 98 35 88 0 86 0 

0 0 43 99 0 0 0 0 0 23 0 52 16 0 0 100 79 0 60 0 0 77 0 4 18 0 0 80 0 0 10 94 18 0 86 29 0 0 70 11 17 57 25 96 89 2 29 34 0 3 

0 91 0 13 45 65 0 0 0 0 5 0 41 0 35 8 0 0 0 0 0 0 4 59 91 0 41 0 0 0 73 0 0 0 27 62 0 0 0 89 0 54 0 0 10 1 0 0 55 0 

17 86 0 32 54 19 0 12 7 0 0 57 0 0 0 93 7 0 81 0 0 0 64 0 93 0 99 0 45 0 13 60 0 34 0 92 0 0 80 25 25 67 50 41 79 35 0 0 87 0 

0 42 66 25 0 0 65 0 38 74 0 0 0 50 0 20 0 0 61 65 46 0 31 10 49 0 0 0 8 69 94 90 85 70 0 0 18 0 42 54 0 30 45 37 0 41 38 0 0 0 

92 0 95 0 67 0 0 0 0 0 0 95 0 0 16 48 0 0 0 0 27 68 0 17 16 0 0 0 90 0 0 0 0 0 32 0 49 0 0 64 0 81 7 0 0 18 23 0 10 59 

53 0 99 93 0 0 0 0 0 0 0 38 56 16 97 99 49 0 97 0 94 75 0 4 76 68 0 15 31 89 13 0 0 84 87 97 35 21 87 0 43 85 0 0 0 12 0 0 28 0 

100 0 0 53 96 49 84 0 27 97 37 0 95 0 0 0 43 0 51 0 0 0 65 38 6 0 0 74 0 43 0 98 0 23 0 0 7 52 0 87 0 0 0 0 79 91 0 95 55 44 

21 12 90 0 2 0 11 97 0 67 29 0 58 63 61 42 86 33 0 0 5 0 0 0 77 0 0 0 0 71 19 63 0 0 0 0 0 0 100 0 61 54 0 0 0 0 25 0 0 95 

25 18 0 97 0 0 59 68 0 0 0 25 2 0 0 0 0 77 89 0 0 61 0 0 19 11 97 25 79 0 5 0 0 64 92 86 63 0 0 0 0 0 0 0 96 26 0 18 8 52 

90 0 4 0 0 0 0 34 100 33 38 0 64 0 33 72 58 75 23 0 0 80 0 51 43 24 0 0 0 67 21 0 0 41 0 0 16 0 47 0 71 0 0 0 0 0 96 0 28 97 

0 93 13 38 0 27 0 0 0 30 20 0 0 64 0 33 0 0 0 0 0 14 33 41 35 1 48 0 0 38 28 0 0 0 49 0 0 23 62 0 0 36 20 63 0 36 22 57 0 65 

0 0 2 39 90 0 88 0 0 3 37 0 0 0 23 60 0 0 0 36 30 0 0 90 84 23 48 98 0 51 10 0 0 0 0 76 24 0 0 0 34 81 86 81 60 0 0 92 0 0 

0 73 72 0 56 41 0 44 86 0 0 0 0 10 0 0 0 20 14 0 0 0 89 0 21 0 0 0 0 0 82 85 0 69 0 0 89 0 43 51 0 84 5 9 0 0 51 0 0 0 

0 72 76 79 40 47 0 7 32 51 92 71 60 95 24 36 12 16 84 0 20 97 0 0 73 0 0 93 56 0 0 40 0 0 0 0 20 0 98 44 0 8 0 39 60 0 0 0 57 100 

98 0 0 41 0 43 0 0 15 0 66 0 64 0 56 59 0 5 70 3 0 28 11 26 0 0 0 0 75 0 11 36 85 61 82 0 38 33 87 0 0 0 46 0 0 0 22 79 94 0 

0 29 44 0 2 51 46 27 0 69 0 83 0 0 0 0 25 61 0 0 91 71 2 0 42 0 0 0 55 71 0 64 69 61 0 0 0 13 0 0 38 0 91 0 9 0 0 92 0 0 

0 0 83 41 82 1 0 0 0 15 0 61 0 12 29 11 0 29 0 13 0 0 89 0 2 0 0 2 0 0 0 0 0 70 0 94 0 0 9 0 74 0 0 0 84 62 0 0 0 0 

78 47 0 0 26 65 0 77 0 0 74 80 0 3 52 0 0 0 0 0 20 0 7 0 0 0 46 13 0 21 31 91 0 13 57 26 2 28 0 76 0 0 22 72 0 37 0 16 18 17 

0 47 0 0 79 5 51 37 83 16 0 59 0 46 0 95 0 49 65 0 0 60 1 0 0 93 61 0 18 92 0 0 40 43 0 97 1 3 0 100 0 86 13 84 51 93 48 0 27 0 

46 50 0 7 0 12 88 0 95 0 75 63 0 92 0 0 0 0 0 44 96 0 5 0 0 0 0 57 0 0 20 72 52 0 53 64 66 0 0 0 51 0 0 5 17 0 0 76 43 0 

72 0 61 0 36 55 0 77 60 0 0 0 74 0 0 0 16 0 0 0 0 0 0 0 46 65 0 0 43 0 0 77 30 0 0 3 3 0 0 83 0 0 0 0 96 0 75 0 8 0 

