100 50
5 5 29 90 53 74 27 71 31 58 85 59 73 64 67 22 83 92 97 97 20 43 57 24 27 54 73 56 74 78 54 52 42 9 8 21 87 0 64 79 54 50 2 85 23 54 0 95 27 96 

39 22 54 14 38 58 73 45 19 32 74 55 37 40 50 52 66 74 15 62 60 45 45 16 89 13 36 55 94 63 91 44 13 5 77 96 26 80 70 1 63 90 69 91 63 22 67 14 63 32 

37 80 8 27 28 49 86 44 100 32 82 93 21 43 58 56 98 79 53 69 23 27 85 80 81 89 91 47 8 14 18 17 64 42 52 85 86 22 55 8 90 43 77 88 91 78 81 2 96 63 

1 84 14 18 61 1 85 45 86 73 70 45 95 26 36 72 85 87 100 87 71 1 5 65 12 74 46 53 34 0 66 36 4 17 3 36 87 64 4 65 9 91 53 25 99 22 77 14 50 25 

53 12 39 0 12 41 61 66 27 40 24 78 43 56 30 16 16 8 94 52 57 100 70 71 96 93 61 47 17 92 85 68 83 52 59 1 21 7 41 76 70 45 49 0 81 99 70 73 13 51 

6 74 67 40 27 93 71 21 31 78 79 92 45 77 4 20 23 80 40 6 81 20 1 52 12 88 55 32 2 45 78 50 14 72 9 52 3 84 59 48 85 55 4 94 53 8 23 68 16 90 

24 73 57 23 82 11 57 3 20 79 52 13 12 7 56 55 5 26 46 79 18 35 28 42 61 43 69 65 98 23 61 48 96 50 39 31 84 6 58 22 10 49 53 37 100 21 5 65 76 30 

35 48 2 34 36 81 34 49 25 74 77 82 70 67 52 16 50 25 97 87 85 10 22 77 40 7 100 95 3 66 42 38 58 71 11 3 58 4 90 12 25 69 77 71 21 52 58 73 13 8 

62 81 71 85 32 17 83 28 96 12 67 88 80 32 40 75 85 97 25 41 71 57 47 32 1 28 87 24 69 53 9 63 13 50 43 67 7 62 26 80 34 93 4 96 11 31 39 95 94 15 

89 67 100 69 48 55 55 84 73 92 6 0 6 91 94 22 77 18 12 8 83 31 54 16 78 74 57 16 80 44 63 58 22 68 7 29 7 7 43 87 21 63 68 95 84 60 92 47 0 18 

0 91 43 8 16 91 40 90 82 18 49 15 22 51 32 75 15 25 27 93 35 8 84 57 77 34 53 88 36 9 88 27 61 20 88 69 45 10 51 83 30 50 29 23 95 22 94 18 68 81 

99 80 13 46 44 84 73 98 5 85 74 57 68 10 92 18 94 6 46 25 66 6 0 56 65 59 98 44 57 74 28 39 9 17 61 25 66 6 34 28 98 23 90 76 73 99 26 10 86 21 

57 29 100 1 79 48 37 36 69 11 97 40 29 67 8 73 14 42 79 78 4 17 20 15 76 72 72 0 5 16 11 96 39 73 5 34 77 57 90 47 22 85 75 23 48 65 41 39 46 68 

88 73 16 9 31 20 13 14 42 92 75 49 81 100 60 7 46 34 83 8 48 6 54 60 10 20 72 100 86 98 4 9 36 46 57 25 20 20 97 11 23 80 19 40 42 57 82 83 73 20 

4 78 57 5 9 53 11 54 67 73 100 40 48 27 17 72 1 21 0 61 51 46 21 97 86 47 7 40 43 36 48 81 19 46 97 58 96 59 49 19 75 94 18 35 26 26 30 91 51 77 

51 24 39 24 34 49 14 46 78 15 46 75 79 22 49 88 13 57 60 38 77 25 63 63 88 30 55 81 24 34 69 34 83 11 73 18 22 13 95 5 10 54 75 94 85 32 25 72 74 58 

51 87 22 25 18 3 42 7 39 40 85 56 11 28 89 49 2 90 72 98 68 47 51 80 76 41 48 73 1 87 93 68 74 77 84 83 61 4 39 45 37 21 18 19 98 2 82 39 67 66 

58 89 24 38 24 65 44 14 56 89 23 44 81 87 22 34 0 39 80 88 59 83 99 74 54 90 72 92 95 63 2 97 63 84 61 56 65 89 27 74 49 87 87 88 41 20 54 45 13 72 

39 54 57 54 38 26 12 73 67 97 86 24 91 66 51 69 54 56 97 53 65 46 44 54 36 74 97 68 65 93 50 65 83 14 58 85 6 73 21 36 12 82 45 46 38 81 62 53 15 73 

53 51 3 93 37 97 83 3 49 23 57 36 65 38 33 68 18 23 17 86 31 40 100 60 86 33 58 11 14 54 19 17 15 42 38 10 2 15 56 76 22 12 81 84 85 90 20 39 18 94 

21 16 40 40 13 54 43 67 56 20 94 94 22 23 62 48 60 47 37 61 68 91 63 15 40 39 63 84 9 15 70 32 31 36 43 68 31 19 72 48 13 80 16 47 43 90 72 42 65 99 

58 77 50 4 94 0 27 99 27 17 57 64 98 20 42 39 81 62 96 21 65 47 68 7 69 66 50 50 81 48 100 13 61 69 67 62 16 62 3 78 76 54 59 98 59 6 24 55 3 56 

41 73 34 79 58 18 70 82 61 74 13 35 2 89 20 82 8 75 55 56 5 72 35 93 73 12 31 2 71 32 54 90 97 39 15 68 33 18 58 58 76 81 1 29 79 85 77 22 71 30 

56 32 50 42 15 51 63 25 17 55 54 89 37 51 52 34 20 62 5 49 98 71 39 84 72 44 8 28 2 34 99 41 99 2 74 38 88 16 60 43 7 49 66 75 40 25 94 22 84 40 

38 1 72 72 94 14 13 61 98 37 52 23 45 96 72 4 36 22 50 64 87 12 93 16 78 61 13 99 100 16 18 7 57 62 56 48 13 30 95 36 27 96 87 78 56 18 12 7 75 32 

86 36 86 55 18 85 83 56 40 13 10 83 2 89 55 36 35 9 68 64 63 8 59 63 0 61 27 84 54 48 62 99 48 51 66 72 31 57 97 18 86 1 6 77 63 41 57 94 71 73 

19 71 29 35 73 24 70 59 60 61 89 95 80 45 8 96 27 16 9 90 23 55 34 1 84 77 77 92 26 55 60 60 80 42 84 53 18 41 46 37 96 38 49 41 87 3 21 1 36 3 

10 43 67 38 36 47 7 26 57 42 76 34 8 89 80 19 51 21 91 51 34 81 33 84 15 44 77 55 13 99 21 42 70 31 33 63 77 91 34 60 39 74 55 37 57 24 63 49 22 19 

35 61 44 98 28 85 91 97 10 30 95 62 63 77 33 57 92 57 20 51 27 79 34 34 1 5 25 42 17 87 64 62 36 9 36 87 12 98 40 67 24 53 23 89 48 31 35 33 81 14 

95 25 43 3 79 47 53 88 53 50 42 10 68 29 9 59 19 44 50 23 25 93 91 55 23 89 84 48 33 65 71 8 6 46 44 34 42 28 48 55 46 80 68 30 59 24 68 91 99 24 

75 61 54 43 34 18 52 57 28 52 6 19 11 44 42 53 44 6 0 46 23 70 59 82 51 26 69 96 41 11 84 22 96 10 42 55 71 14 76 72 33 30 13 90 18 83 63 78 94 19 

12 3 60 60 40 1 68 7 68 45 43 73 35 37 44 85 1 40 96 40 67 17 42 63 76 58 84 31 43 75 62 38 81 83 65 32 87 78 14 8 58 53 33 68 5 78 87 72 33 49 

23 54 77 13 78 37 51 57 22 60 1 62 99 76 49 86 51 13 17 54 82 29 95 79 50 91 56 86 56 27 62 38 79 98 35 1 69 18 75 71 40 21 68 36 74 54 66 37 81 54 

60 27 66 15 25 13 98 4 97 12 61 51 88 57 35 98 38 59 96 67 93 46 53 30 47 29 95 74 86 41 22 93 91 84 46 10 74 61 59 35 87 0 33 100 36 4 29 38 14 13 

45 90 96 39 53 94 26 82 60 12 45 78 83 24 49 76 74 59 74 58 37 0 81 72 40 17 52 88 20 35 72 54 81 33 85 10 55 27 12 26 48 26 12 50 31 32 85 91 84 62 

94 61 14 41 97 99 55 16 16 64 46 84 84 9 92 76 40 30 8 83 89 15 57 82 67 26 16 22 8 81 29 52 80 8 52 4 72 45 2 84 16 80 22 0 2 0 99 5 17 45 

85 31 64 68 51 34 20 22 22 80 69 21 87 85 1 1 74 87 39 10 58 32 34 38 88 25 0 68 89 45 41 68 21 23 22 82 29 62 64 64 40 96 6 77 54 51 48 34 42 49 

37 47 86 50 71 42 57 74 42 44 85 84 24 3 89 32 14 30 70 65 10 97 53 57 97 79 21 49 89 6 38 19 41 40 19 5 95 52 68 98 88 59 73 100 47 76 94 51 82 25 

71 65 38 1 9 10 23 21 29 69 11 57 23 58 89 10 11 86 5 57 24 0 2 30 62 37 8 21 36 7 32 29 97 76 61 39 81 98 94 50 67 9 43 43 65 61 12 88 6 47 

29 73 75 35 59 58 8 7 90 21 24 55 50 50 2 62 69 20 71 69 60 60 32 62 16 1 38 77 95 37 14 91 10 46 24 61 8 61 65 66 48 68 72 6 86 52 54 23 75 17 

6 51 72 38 59 80 56 92 12 2 22 0 11 28 29 81 67 73 81 82 32 24 17 29 72 14 82 44 48 52 58 42 36 50 84 38 0 99 53 93 46 42 23 29 63 91 32 22 16 88 

72 82 75 83 44 9 97 6 43 1 65 77 86 11 88 95 57 90 77 17 75 19 23 79 84 22 57 91 42 43 56 1 67 61 81 65 19 78 38 20 0 22 0 91 95 35 8 90 76 58 

99 81 11 52 47 30 43 32 48 29 61 21 0 74 61 39 13 57 88 82 68 42 16 23 20 94 41 88 69 63 2 61 43 33 88 50 56 81 76 0 22 62 56 84 88 100 84 56 18 84 

85 35 79 7 20 60 24 5 14 81 30 64 34 7 64 64 81 5 98 33 66 92 92 76 87 9 78 40 88 33 60 90 69 41 43 47 75 64 89 28 73 72 64 34 34 86 37 86 29 64 

68 30 99 92 88 40 19 70 63 1 1 68 82 39 62 25 52 54 7 74 13 39 63 88 74 21 86 47 74 74 9 62 57 30 60 9 75 43 100 56 61 90 77 10 50 92 21 23 22 58 

28 67 61 95 85 87 30 11 7 67 95 86 46 15 3 74 78 29 30 40 7 38 97 99 87 28 50 56 83 15 3 52 76 52 32 17 29 37 82 98 98 65 53 10 87 59 68 67 93 75 

76 31 90 39 97 90 84 73 5 77 48 95 8 65 2 92 47 5 54 56 56 62 4 61 38 47 86 98 33 92 80 29 30 73 25 43 88 69 53 41 3 77 52 86 89 34 93 39 62 83 

5 53 57 12 82 63 92 87 46 65 46 67 78 45 16 9 60 85 41 42 90 9 64 1 39 81 58 45 9 71 96 62 40 46 55 32 79 1 47 27 80 20 45 74 62 22 67 53 61 21 

38 3 67 63 19 16 45 4 9 36 25 39 93 63 37 60 55 14 49 87 58 59 91 45 35 19 83 11 91 34 31 58 52 71 94 22 91 22 28 3 72 35 61 19 73 88 65 39 85 0 

56 92 57 37 32 9 53 99 3 12 19 79 6 97 5 81 99 85 21 42 67 50 81 93 44 53 92 57 14 23 35 39 83 82 86 40 97 38 48 61 76 75 20 18 63 28 73 8 77 57 

78 65 62 89 7 82 82 71 14 27 86 1 90 58 92 88 34 78 65 88 1 0 17 43 67 65 94 80 92 48 58 50 46 56 50 34 45 38 60 70 96 78 70 68 97 63 37 6 56 42 

25 97 31 81 69 81 27 62 45 30 19 4 95 15 48 73 30 46 66 49 40 82 100 6 37 57 84 82 68 23 71 76 92 79 5 27 60 75 90 79 26 51 96 27 15 63 71 26 84 94 

61 65 97 91 25 37 8 18 42 21 24 93 91 23 53 58 40 1 87 31 5 91 55 77 35 35 72 43 80 59 23 11 4 43 92 42 95 26 53 86 11 65 82 1 90 29 34 6 64 0 

10 95 8 22 96 34 76 10 37 68 19 52 73 39 87 93 55 19 62 94 63 40 84 5 24 0 24 39 26 91 78 72 85 15 20 4 95 46 33 81 20 42 54 94 88 10 23 85 5 54 

48 98 93 98 30 85 15 22 70 8 97 38 22 11 83 50 60 6 33 97 90 30 94 9 71 4 49 95 65 70 72 44 96 59 79 71 11 7 95 75 82 59 35 73 57 24 88 92 50 16 

12 64 16 31 8 1 49 31 57 53 82 64 4 63 26 78 34 18 98 89 24 32 91 58 10 54 51 95 87 41 23 46 44 62 38 79 95 48 62 39 48 40 11 75 45 66 37 90 92 21 

37 47 2 61 97 39 70 61 21 83 64 49 89 83 85 39 28 77 48 23 88 29 78 18 23 74 1 72 8 36 22 27 14 55 34 34 31 1 80 65 95 85 92 15 21 96 3 10 23 78 

10 14 70 11 27 44 69 99 1 32 80 98 47 16 20 16 16 4 94 36 76 46 74 93 68 90 45 73 58 10 83 98 64 54 62 44 98 76 62 35 65 68 73 30 92 92 82 61 55 15 

14 98 39 7 54 60 67 16 90 70 16 53 0 75 51 69 18 93 66 28 52 19 7 88 44 98 91 34 3 51 48 64 50 19 45 40 26 91 26 59 67 87 79 87 36 26 68 37 94 45 

92 4 99 38 6 10 57 14 45 91 57 100 56 79 32 0 77 49 87 68 22 4 7 80 14 70 72 48 43 56 88 81 9 17 6 29 77 91 68 45 58 87 46 84 21 71 3 89 67 68 

82 9 6 59 22 94 81 50 79 56 72 32 7 45 20 71 34 76 95 45 83 46 73 37 98 61 6 71 51 24 84 56 50 43 84 10 99 84 2 85 95 89 40 20 55 47 47 35 88 61 

77 29 15 97 38 10 3 50 50 86 75 56 31 51 40 28 64 79 90 94 67 22 80 63 0 28 95 88 4 0 25 69 41 61 29 95 9 10 48 23 16 92 7 83 64 10 45 7 64 94 

40 36 56 21 71 75 25 9 57 91 27 49 54 50 75 51 81 20 78 17 79 86 45 97 1 36 28 72 58 39 23 20 3 56 14 73 84 84 66 27 21 99 3 16 31 20 28 17 32 74 

100 78 22 21 55 31 79 74 93 35 73 8 73 0 69 8 22 91 56 41 52 23 16 80 25 83 7 75 85 57 85 75 66 29 27 80 31 62 48 85 48 39 38 75 53 86 89 81 26 23 

47 7 36 18 66 34 51 41 96 98 53 1 58 82 34 19 65 45 91 49 89 68 17 41 92 23 37 75 7 99 49 29 52 79 91 9 13 73 2 60 47 83 74 92 7 15 95 27 95 11 

19 71 8 14 93 78 80 72 65 20 23 94 36 100 29 71 23 60 66 52 37 44 76 47 41 16 99 32 60 1 90 75 36 89 73 79 86 65 0 45 67 64 35 78 68 48 60 22 7 69 

25 82 34 62 31 97 53 59 29 55 9 23 96 73 80 69 48 38 41 69 99 63 27 70 42 38 91 24 74 7 96 98 100 63 8 4 29 2 61 7 20 38 10 50 41 44 58 97 10 4 

29 17 58 7 31 68 31 44 27 84 94 6 16 90 32 62 25 98 18 62 49 3 27 5 43 52 29 97 23 13 58 12 96 34 38 85 7 80 70 84 23 64 37 95 21 20 90 24 99 32 

57 44 81 21 15 57 77 88 33 44 25 63 24 16 52 79 65 89 43 34 32 69 15 47 99 66 40 76 14 72 8 92 51 58 29 71 83 69 44 82 99 62 18 96 63 94 90 87 55 26 

19 52 85 43 37 57 79 82 69 30 72 5 54 66 16 62 56 14 50 100 60 38 10 9 6 0 94 12 32 16 79 80 69 63 59 63 24 62 74 79 93 27 49 79 73 81 44 19 48 5 

73 70 1 80 59 3 32 16 84 50 13 4 52 11 30 32 65 16 66 56 99 89 50 29 68 6 21 72 7 91 11 77 60 80 38 68 74 74 14 43 54 63 14 10 0 15 79 45 92 28 

42 52 91 93 84 92 16 41 23 19 43 81 32 11 21 8 4 27 13 70 35 21 14 40 69 12 86 42 8 66 48 73 56 43 54 8 33 64 15 40 78 16 33 64 60 54 24 54 14 2 

93 17 15 94 85 82 90 28 31 74 39 81 9 76 17 98 81 86 40 56 96 71 35 44 60 33 92 90 21 97 1 33 17 81 38 12 19 19 35 35 56 85 66 55 100 69 41 97 45 30 

87 34 36 19 83 82 50 18 24 48 21 80 22 21 57 87 22 52 52 67 62 93 85 2 63 74 92 20 38 9 72 93 15 81 67 67 57 67 40 12 97 28 37 93 25 35 17 85 9 79 

36 0 58 82 22 88 71 1 54 61 68 29 75 34 79 74 9 57 13 33 59 88 61 5 32 24 9 92 80 3 60 65 48 32 6 73 5 80 19 68 17 16 97 68 50 49 93 10 51 0 

77 66 99 95 58 75 6 8 22 0 82 4 16 21 42 40 84 47 40 84 48 38 93 18 26 19 100 53 65 98 14 54 17 53 17 5 95 70 79 45 64 80 5 15 41 79 96 92 71 4 

51 40 75 54 67 79 81 97 74 44 25 33 85 83 43 66 78 15 100 87 50 57 25 54 0 86 73 44 18 7 46 84 56 53 97 80 94 41 6 93 77 80 70 95 86 78 83 51 83 8 

37 0 97 99 77 68 48 44 76 94 74 100 46 42 23 18 42 89 17 18 82 63 44 57 84 66 48 15 45 34 81 22 35 9 5 94 96 61 86 51 46 35 86 2 48 73 26 85 98 59 

35 99 54 58 50 92 62 10 48 86 0 63 100 30 57 30 8 99 38 79 52 36 90 100 18 26 20 22 34 49 91 18 93 50 47 91 76 22 34 83 18 67 72 51 76 37 32 31 50 33 

53 2 40 49 4 97 82 95 66 83 51 72 62 34 99 47 61 54 35 22 53 47 23 91 17 45 24 61 22 17 50 56 95 80 75 72 95 56 96 73 41 12 73 23 87 90 85 15 65 60 

68 31 47 0 19 36 15 27 52 52 1 56 7 88 100 91 63 12 59 30 27 39 48 48 46 78 60 51 5 43 16 46 76 65 11 6 3 49 67 90 16 81 89 8 44 28 81 95 30 41 

60 50 98 50 100 36 53 76 0 46 60 42 27 82 66 18 32 7 31 51 64 100 68 100 70 85 58 57 27 60 13 20 36 25 60 95 40 25 54 7 2 98 47 56 54 3 85 52 5 78 

11 74 52 50 76 80 38 47 26 72 98 46 6 22 52 85 47 73 84 17 32 27 86 92 98 85 22 36 84 62 3 4 88 54 66 80 35 72 92 5 92 9 25 79 47 8 47 39 1 73 

76 49 34 40 58 34 35 86 77 4 65 20 91 63 25 78 6 65 60 92 81 36 19 57 23 60 17 6 84 63 67 96 85 80 55 84 24 70 91 58 99 91 66 9 40 39 69 13 53 90 

43 91 91 79 20 47 83 14 10 66 3 63 87 87 1 88 43 65 38 5 17 45 75 75 60 46 48 7 26 61 20 0 13 97 29 65 59 38 61 2 7 71 67 72 93 89 93 34 79 66 

73 28 3 60 88 26 27 83 100 55 41 88 30 10 63 3 81 93 34 95 92 48 59 72 73 41 40 36 7 9 24 5 24 57 59 47 82 80 84 79 90 58 36 94 84 23 50 85 8 36 

68 73 44 54 91 8 84 58 60 97 11 16 61 65 54 67 16 62 38 52 67 73 48 56 54 88 74 66 81 32 85 49 57 52 98 1 8 74 82 76 96 47 39 49 37 7 15 34 41 4 

44 89 36 38 27 71 47 30 100 72 71 33 74 50 25 74 20 37 68 97 88 81 35 43 60 52 46 15 25 33 65 75 82 5 87 14 56 87 15 28 86 67 11 82 60 93 69 75 90 87 

45 95 85 69 78 19 76 63 94 51 36 83 99 17 52 36 77 74 29 80 25 85 45 100 32 92 94 97 9 55 78 65 97 83 48 27 98 29 99 51 5 52 66 27 28 100 79 54 44 99 

33 92 18 65 58 94 13 15 74 71 47 91 60 40 28 23 6 66 64 66 76 86 84 25 55 61 53 55 52 92 49 6 20 43 5 13 23 42 81 81 93 34 1 71 7 16 21 45 77 0 

39 25 62 37 25 53 32 40 73 50 51 65 41 47 6 75 87 53 22 70 73 38 94 85 29 42 54 30 70 96 58 55 35 42 16 42 20 9 83 58 42 74 78 20 67 83 100 6 69 29 

11 69 73 47 84 52 36 35 100 15 100 61 56 3 26 29 95 47 64 66 37 72 92 37 100 18 77 7 29 80 98 64 27 64 61 15 46 79 80 42 49 22 16 47 53 97 69 19 44 44 

3 96 90 76 88 87 76 48 30 39 48 15 37 45 69 2 66 71 33 53 36 4 0 86 45 80 83 67 95 12 31 35 79 69 60 70 62 76 16 82 66 58 28 54 31 97 17 54 23 51 

29 57 93 59 47 41 23 10 72 79 2 97 48 70 93 60 43 60 24 50 80 54 42 96 78 15 46 61 74 66 61 86 54 81 24 49 1 94 46 79 83 6 68 29 19 38 27 53 13 34 

7 20 90 79 53 90 70 98 67 63 72 8 15 68 23 64 32 95 40 68 49 78 13 3 0 87 77 89 87 96 55 56 20 77 93 48 59 58 57 8 17 46 71 28 15 25 14 82 93 10 

91 21 16 93 25 56 80 37 47 23 54 40 54 11 51 86 68 33 97 81 11 58 85 34 49 51 96 11 42 89 92 17 74 24 39 72 59 73 57 59 19 79 89 92 50 66 67 80 4 69 

81 90 98 97 89 13 7 69 30 83 26 58 7 15 2 79 57 56 20 28 10 50 5 14 73 78 61 48 85 26 26 69 96 22 77 80 62 8 25 49 9 4 53 89 38 83 24 22 5 95 

63 76 37 57 9 65 55 72 84 79 86 59 93 25 10 97 68 69 82 64 61 54 5 35 71 55 61 20 40 46 69 59 37 57 26 79 42 35 28 0 92 44 88 0 26 9 8 50 33 7 

35 0 49 39 12 38 67 55 62 49 97 42 95 12 96 14 32 6 94 59 86 25 24 53 58 84 16 100 61 99 80 71 32 65 91 9 0 74 47 19 19 25 94 2 9 82 44 45 76 37 

89 52 78 87 12 47 27 76 43 22 93 40 95 1 72 22 8 33 64 47 54 45 31 28 23 52 18 74 24 90 10 6 18 96 97 88 97 34 62 67 53 57 77 89 14 61 63 17 74 58 

