20 20
31 27 77 81 24 17 12 34 68 67 32 61 0 27 62 40 5 49 61 53 

7 99 36 36 63 84 74 69 99 29 26 31 25 31 55 55 34 15 93 57 

41 98 63 59 71 87 61 4 61 89 39 1 45 48 69 11 84 30 77 56 

67 52 11 15 21 27 54 23 65 80 96 27 71 72 64 97 14 28 97 66 

40 90 42 79 29 18 66 92 77 18 64 33 69 83 25 84 19 68 96 13 

56 19 6 73 0 43 16 30 67 90 9 66 43 89 63 11 98 16 57 86 

53 26 81 81 67 14 64 55 74 58 41 3 22 37 64 70 84 13 90 21 

100 0 50 78 89 29 14 1 32 12 61 24 77 67 96 14 86 41 45 61 

15 49 99 64 1 85 98 61 75 61 95 81 62 9 60 57 78 88 29 74 

83 12 16 61 58 16 100 56 87 26 66 21 54 32 71 87 54 22 16 64 

85 61 0 1 13 91 91 21 87 79 22 45 74 45 44 25 29 44 59 80 

7 96 55 9 34 73 39 30 72 46 93 22 57 50 29 21 58 38 26 82 

1 10 27 25 56 72 71 83 89 69 23 63 95 24 99 3 53 63 48 42 

60 72 34 55 99 71 98 19 13 22 30 56 0 96 57 32 55 20 28 51 

70 4 58 65 33 81 68 76 56 10 22 36 68 38 58 4 68 35 69 77 

70 96 32 85 82 57 47 34 20 40 89 96 70 40 98 67 37 41 60 3 

52 63 5 48 100 19 73 90 60 43 59 41 43 86 94 12 66 93 8 89 

33 60 25 48 78 18 68 83 78 31 6 60 16 73 23 49 4 96 7 7 

31 18 46 82 84 30 89 23 52 39 78 22 31 40 24 60 35 87 14 94 

14 69 33 67 16 32 33 74 29 99 57 68 48 47 88 90 62 14 36 94 

