20 20
80 0 0 0 0 5 17 58 30 0 38 82 0 94 0 97 28 44 80 0 

0 62 76 48 93 0 0 39 0 0 0 22 27 62 78 0 37 36 2 32 

89 43 0 12 0 0 0 0 0 2 0 32 41 56 0 25 2 0 81 90 

93 0 0 0 27 0 0 44 47 91 0 53 3 0 65 23 43 0 0 1 

0 0 0 29 7 53 0 0 0 0 0 9 46 83 68 67 59 60 9 83 

38 42 3 87 85 4 100 56 1 91 20 53 78 55 82 77 33 18 87 76 

69 33 22 56 75 11 26 1 98 22 85 59 43 64 43 41 11 88 62 52 

37 19 13 84 49 96 80 85 86 9 46 35 56 4 62 87 98 70 3 61 

5 72 48 41 92 35 33 98 32 14 11 19 20 56 33 64 66 59 58 0 

60 46 60 37 65 16 6 8 42 49 51 13 68 59 2 68 18 82 1 12 

34 57 74 31 21 1 88 59 4 52 59 20 60 7 66 95 92 51 47 8 

89 46 42 50 84 56 60 92 50 22 55 55 71 64 37 30 43 53 16 96 

95 57 7 75 66 23 27 40 15 26 28 93 52 84 60 51 96 45 98 9 

79 25 22 39 40 63 26 92 11 69 25 98 58 79 16 61 94 28 83 1 

31 79 40 93 26 74 90 63 35 54 41 85 76 21 99 33 97 3 28 54 

74 1 100 33 93 45 97 51 24 66 51 12 61 58 83 59 69 35 26 54 

10 64 67 2 32 67 68 50 71 58 12 95 70 96 0 84 6 60 61 56 

61 1 26 42 1 71 48 35 74 25 87 28 55 61 88 27 31 95 37 15 

83 74 23 97 90 61 12 5 99 63 18 50 86 93 15 82 29 66 78 27 

54 20 23 52 65 69 4 43 52 70 23 87 21 24 86 35 72 43 41 92 

