20 20
0 41 0 93 0 87 57 30 56 59 27 0 0 0 0 0 81 66 0 4 

0 14 0 63 0 0 0 0 69 0 61 44 86 33 0 0 0 0 0 0 

0 0 0 0 0 81 0 57 21 0 5 0 0 27 0 0 71 0 58 0 

52 0 60 55 0 47 0 0 65 0 0 51 0 0 66 78 51 42 0 8 

0 0 15 0 0 0 68 0 14 54 30 0 0 58 87 0 35 0 92 0 

53 36 0 0 0 0 48 0 60 0 0 0 2 94 9 82 55 0 74 0 

0 0 28 92 6 84 0 0 78 0 0 0 0 0 0 45 45 96 72 0 

15 0 0 23 0 0 28 37 0 78 68 80 0 0 0 99 64 50 0 57 

52 18 0 0 0 0 91 0 60 97 0 0 0 0 0 44 0 89 0 0 

0 0 87 23 88 0 41 9 74 0 38 49 0 37 0 97 10 0 36 0 

0 26 0 25 0 82 13 0 0 0 0 0 29 41 0 0 0 76 0 64 

0 24 46 50 96 0 0 0 47 90 0 33 97 23 55 0 27 77 0 0 

0 0 0 61 28 1 72 30 50 38 94 0 84 0 68 36 0 7 31 87 

78 0 0 0 100 0 71 92 55 17 43 0 66 43 95 29 79 53 22 0 

0 0 11 44 66 0 0 74 94 35 9 30 39 0 0 0 0 25 0 48 

0 0 0 91 85 0 0 14 0 0 0 0 68 0 33 0 28 0 76 89 

59 0 0 0 0 0 0 0 0 0 28 0 22 98 0 81 56 0 0 0 

0 0 62 72 46 39 91 51 0 0 0 0 27 0 69 36 76 0 0 74 

0 0 0 30 42 82 2 0 0 0 1 67 0 22 0 0 93 0 0 0 

92 0 60 51 77 0 0 0 0 0 0 1 48 28 90 0 56 37 17 60 

