20 20
0 0 0 15 0 32 0 0 61 49 0 17 28 0 0 4 0 45 92 99 

0 0 0 0 0 0 0 93 50 0 0 58 100 27 68 0 0 0 6 67 

97 0 44 0 0 18 0 44 0 98 0 99 63 0 0 15 0 46 0 0 

0 0 16 57 16 54 0 0 0 23 89 0 85 0 64 0 0 0 0 55 

0 56 87 0 0 0 0 80 0 47 97 0 59 33 0 44 0 64 0 0 

53 39 0 12 73 88 0 0 4 0 0 0 0 0 20 6 0 26 0 65 

25 59 0 39 15 73 74 52 87 0 58 2 0 59 0 0 0 0 0 13 

18 17 0 0 98 0 0 0 0 85 0 45 0 7 0 48 6 77 9 49 

0 0 81 58 8 55 0 25 0 0 0 0 0 59 31 0 0 0 34 86 

87 0 4 100 88 62 0 0 0 29 20 81 27 36 0 87 84 0 0 56 

33 0 0 0 0 0 4 0 22 20 56 0 8 52 95 71 92 0 30 0 

85 0 0 0 0 0 0 19 0 0 0 76 68 97 0 74 0 0 0 6 

0 54 66 60 0 73 0 63 76 25 0 0 0 31 0 67 0 0 0 15 

26 0 0 0 0 38 0 66 0 0 81 0 88 0 52 34 57 0 91 10 

0 0 0 69 0 81 56 69 94 0 0 0 76 38 0 80 8 13 0 0 

81 0 23 0 41 0 0 0 0 0 66 0 0 0 48 65 0 52 31 0 

0 51 0 19 50 0 0 86 18 54 95 0 0 0 0 0 0 0 27 0 

65 0 0 0 0 0 0 82 0 0 0 87 0 0 98 0 84 86 0 67 

0 0 17 0 6 0 0 0 56 0 89 0 27 16 0 1 0 0 0 0 

0 0 0 76 0 9 0 43 0 65 0 0 0 0 25 88 0 75 0 0 

