30 30
25 68 71 99 86 2 5 38 2 96 38 43 26 62 81 55 56 46 36 13 87 18 3 73 79 63 91 90 36 5 

43 14 15 88 44 54 92 7 3 76 72 12 3 96 43 83 25 66 91 36 59 0 62 94 48 30 53 6 48 0 

37 90 7 88 47 34 74 68 63 92 36 44 84 28 11 86 2 60 64 16 87 88 69 43 95 7 93 7 32 77 

93 53 57 83 47 82 62 32 19 91 37 60 45 76 18 54 19 64 100 10 25 39 56 23 90 91 33 30 90 46 

38 8 18 40 89 83 69 9 6 16 73 14 34 76 38 80 9 93 76 46 7 43 87 55 55 58 14 2 52 71 

14 23 85 15 16 43 74 95 18 46 23 54 80 20 80 46 1 44 67 80 96 58 53 30 89 51 51 13 12 70 

0 70 8 38 36 31 67 56 4 59 34 3 15 48 90 24 35 22 0 80 80 48 70 71 65 80 51 50 31 3 

29 80 52 34 58 12 5 25 73 17 65 95 47 43 70 54 49 55 41 80 20 16 15 78 56 79 25 65 15 94 

75 51 93 9 100 93 5 87 2 77 15 64 61 42 80 34 32 19 49 70 58 56 25 9 7 28 2 29 64 38 

2 36 70 14 93 88 72 9 26 40 96 98 41 33 20 8 49 97 59 10 50 97 12 84 1 60 79 8 68 72 

64 72 53 34 96 72 11 52 19 12 72 72 50 21 32 63 50 90 64 39 25 76 32 95 22 45 58 63 5 23 

100 9 41 30 43 95 85 81 84 73 58 65 63 0 22 20 91 35 77 48 55 40 45 71 52 90 28 14 35 65 

68 94 55 93 91 74 2 6 15 20 36 57 39 40 52 71 91 70 98 56 7 25 32 52 51 53 48 99 34 89 

0 62 87 23 83 81 29 24 62 47 32 49 15 4 34 12 14 59 100 85 0 94 68 83 24 98 99 80 78 4 

23 98 24 99 41 34 98 56 53 41 65 91 1 89 91 67 94 100 3 8 26 55 80 99 66 17 87 41 66 53 

22 98 57 24 42 85 7 74 34 33 21 32 17 73 25 53 10 71 91 20 39 95 27 37 38 97 72 79 47 4 

20 28 51 29 76 43 69 53 9 22 6 50 73 84 75 67 69 66 99 53 74 48 17 18 69 67 57 37 4 20 

15 41 83 53 33 91 40 51 84 12 24 67 63 23 38 35 55 51 20 83 48 29 17 58 70 100 19 11 26 1 

36 49 23 27 21 51 39 78 33 20 16 95 31 46 62 46 98 15 45 12 60 41 84 4 15 65 51 81 88 7 

41 40 71 61 79 74 14 56 49 81 16 94 29 67 6 48 51 65 26 32 65 16 30 41 98 94 38 35 22 40 

87 10 91 22 38 62 56 58 16 93 79 95 74 99 54 15 17 98 88 30 62 59 10 7 100 63 14 33 95 51 

37 76 82 56 12 98 44 50 65 33 17 52 51 24 65 19 67 39 54 95 64 1 66 48 3 94 68 62 82 51 

100 78 71 52 87 12 54 47 14 87 35 19 16 44 24 94 32 88 42 83 83 65 95 17 88 28 28 75 46 63 

69 41 3 87 33 24 22 14 39 21 57 12 19 84 47 74 48 21 34 42 99 98 36 9 27 93 46 51 61 61 

91 35 23 74 79 41 31 58 89 18 27 46 99 90 4 47 22 53 69 76 99 58 24 30 82 97 76 8 79 90 

87 95 10 46 15 87 77 26 30 64 8 15 100 13 45 2 0 6 75 26 66 75 44 29 26 33 9 83 20 38 

47 97 39 98 53 52 92 49 12 50 49 94 94 63 3 7 25 27 23 7 61 51 67 43 53 32 48 38 29 81 

86 62 57 57 46 57 95 88 78 12 93 97 86 15 9 51 62 76 0 47 41 92 56 86 39 40 88 49 96 11 

30 48 53 95 58 66 84 83 25 13 65 91 91 73 13 38 12 93 36 45 86 81 38 36 74 86 99 51 29 10 

57 29 80 8 4 77 58 53 94 73 67 93 80 33 99 8 88 60 81 67 51 64 100 57 55 51 47 55 23 77 

