1204
1190
701
1768
1059
468
706
1131
164
1195
1213
1029
361
1649
1735
1979
1416
1194
643
720
1575
1556
420
1701
1185
1982
551
1687
971
1396
352
912
543
1918
1383
114
639
1269
201
280
66
672
1011
1624
1883
1732
106
798
1625
270
1268
1311
1658
1612
391
202
1386
1441
1504
318
387
389
141
408
2040
740
717
33
1546
1774
25
781
710
1637
82
434
542
1895
255
1314
1193
1272
1222
1894
962
44
698
131
873
1473
238
1667
2007
1503
1835
555
749
1510
1215
908
536
619
1514
1023
2044
492
1965
1739
638
1709
1978
48
61
506
190
67
1200
687
1151
1096
696
1348
1487
799
561
1604
1448
612
1594
1125
1082
782
1270
496
187
1240
1002
1394
1224
1898
1986
457
1680
769
1831
494
948
1201
732
2036
1377
1049
266
532
210
161
1038
822
1532
78
1766
135
1873
356
1345
745
276
770
414
1869
1684
29
919
1960
1872
1087
1304
1858
1104
382
1015
1474
346
1642
1781
1337
121
945
1483
272
1816
463
946
1683
1553
208
70
704
665
778
901
1388
60
968
1522
817
1844
1512
829
1890
2017
1202
1820
279
1088
478
403
45
1094
1926
393
1395
988
83
160
1633
103
593
76
606
502
291
1757
956
862
667
651
477
1946
764
451
1678
1597
464
511
1720
1775
1123
1408
1932
2039
895
759
857
1853
1205
1485
507
58
1286
1457
91
1783
1682
1353
677
134
1615
1692
1992
1334
95
370
1047
1235
1578
1063
1738
239
1526
1057
56
1299
937
317
1170
1798
1278
1985
1157
51
107
917
2026
1124
1779
1066
1462
984
189
1257
516
596
1988
1454
1223
152
173
438
1301
1300
513
586
1644
847
1530
1605
299
1758
1266
2027
139
453
1322
1538
2002
1647
1715
285
381
737
248
1292
609
203
411
788
1823
1357
642
1824
760
369
1972
1669
1160
2032
850
1437
1954
1472
1449
1641
1829
282
1106
1755
40
714
1797
18
853
1289
1717
1961
1866
1478
1238
300
811
1628
680
1792
1935
1618
1878
849
518
1496
860
1799
1310
1366
1973
871
310
495
171
1832
1500
580
16
1930
603
888
890
252
905
801
1477
1819
1022
55
1562
474
1037
1782
880
1436
2005
640
1267
1614
1073
725
336
343
412
1936
554
1460
1387
1244
1133
482
1116
256
96
1180
1315
1440
535
294
1586
552
1312
1389
1971
483
1461
1433
64
490
1714
422
1501
835
325
621
966
509
624
1746
1703
1651
909
979
1138
724
521
2046
462
1963
1488
1101
805
1210
146
1128
1108
810
472
305
271
1081
1545
242
649
844
1005
660
71
1777
274
1803
1424
1486
331
1469
345
185
1674
251
1156
1838
1467
204
1356
1655
1444
224
1464
167
1340
1840
1045
997
306
1582
1229
316
262
1076
390
650
1521
1145
889
226
1050
1541
843
119
1721
1810
261
1990
416
469
1142
1640
960
825
1077
863
974
265
709
1789
676
832
81
1636
1112
1927
1724
158
253
1338
533
1012
1165
1555
1042
460
436
1591
1815
115
1351
791
883
367
398
37
821
130
636
841
1302
488
813
1901
1654
79
1208
1309
450
1252
659
616
308
75
124
1695
1328
284
1519
1164
143
830
449
1103
562
1319
1119
1447
93
572
218
1398
319
2043
1558
1547
100
1203
1800
604
728
1646
1400
1611
1360
1984
452
1136
1787
836
475
99
1613
1363
170
1825
1046
870
1432
1664
1247
1209
549
1749
2034
3
673
446
14
987
1627
812
295
1821
1425
225
1161
1471
1248
1871
1493
934
197
1607
1450
1626
1421
360
1354
625
31
508
1893
1995
1846
861
1458
1634
456
607
1261
547
421
227
7
768
2042
689
722
1818
1751
1661
2010
577
1217
1284
688
977
1865
1507
1740
924
510
329
116
1969
545
1196
235
120
550
1191
1105
1950
2045
990
1928
887
112
824
630
196
205
527
1754
231
1048
200
8
485
437
1859
2018
570
686
1264
1609
1098
1274
62
277
1092
1107
240
1364
1809
820
1976
1072
1446
1966
928
1705
913
1085
1943
1225
154
88
528
1752
163
1178
1795
645
1150
362
1515
1542
98
566
1742
172
36
109
174
614
297
1813
1920
730
915
243
1650
1914
2033
1100
426
894
1326
678
447
1881
1588
546
1324
1380
1830
695
444
443
1744
1221
838
1078
670
1114
145
213
1306
337
1017
1158
981
1771
233
1793
1584
191
976
1592
1688
140
1977
734
1906
1058
1981
1283
1908
1533
1601
1323
1596
943
358
1573
692
1443
1942
1763
355
1885
831
1959
230
1947
767
920
281
1019
648
869
245
1666
855
286
375
1711
341
1814
1889
963
1509
383
1253
1035
1296
1734
1214
1231
538
207
1438
1385
220
679
366
1788
498
1867
848
1864
1702
332
1903
267
373
405
1631
259
1713
28
328
151
184
479
699
1040
21
409
372
1276
429
663
1167
1753
1439
531
1346
442
837
500
1041
1904
1069
731
386
102
953
657
149
735
427
1465
1581
1025
10
1369
797
1228
1548
1576
1417
1147
1773
1623
350
916
1143
846
340
1434
803
2015
771
433
675
1071
719
1401
503
634
136
1570
618
1423
150
1155
620
2004
1888
1600
2014
833
1975
1350
219
601
1776
1892
1163
2041
1295
902
342
1031
1492
1563
175
1168
1084
104
1499
1321
493
1451
819
591
6
1004
289
1527
1629
211
763
1342
326
1945
774
54
1897
399
283
404
1639
147
611
800
1572
1000
1806
690
368
26
975
1645
257
584
998
867
2035
932
957
268
1172
520
969
1577
183
113
101
12
1068
654
569
1230
480
1347
1937
1480
467
633
1807
260
1028
138
1896
1543
2038
92
1736
1931
1179
626
514
77
1608
13
1565
809
564
1291
851
2030
952
1557
707
1390
128
560
1863
1132
671
1962
1913
1868
1010
723
46
1053
402
1737
357
986
529
418
30
504
644
1008
327
1027
301
929
445
1192
524
1376
842
931
2003
1899
1826
995
1974
1330
1250
1154
893
392
1619
1917
959
1468
195
1912
661
424
72
523
1741
1842
1583
351
1671
1430
425
1171
1685
1672
1014
159
970
757
1589
1875
129
1630
142
1189
1907
1923
1414
827
1999
38
935
108
711
1024
579
1153
1043
354
1697
1719
874
918
133
1339
741
590
448
967
574
982
1262
1957
144
886
739
776
4
587
1673
1455
567
985
1839
683
497
716
155
1241
530
176
623
1277
658
865
1540
1983
1730
1860
925
1940
1239
2008
401
1676
1281
568
1794
933
1392
926
940
1769
1367
1459
484
1996
1003
1139
110
1279
292
715
182
1070
1998
994
309
795
1958
1361
50
1275
1113
459
1874
1989
613
1199
1518
682
1188
1255
34
1090
1118
1365
1497
1699
232
1956
608
323
1595
1677
1216
899
727
1876
705
904
1080
1426
1405
1329
1177
74
1419
11
246
216
1372
333
315
1327
1287
254
1134
2012
365
126
779
1411
1723
1207
1729
1316
1466
2019
942
379
1933
1052
1397
1516
49
1708
1991
815
2016
884
353
1256
1886
1852
1585
1285
666
1564
1495
1452
384
80
1242
921
15
903
1845
1733
1675
629
1344
1566
858
628
86
1399
534
385
1420
748
697
1404
775
378
1552
1305
537
754
1915
1141
2031
334
288
949
1925
828
1245
947
856
1762
1226
335
1442
275
655
1568
840
922
773
1843
592
298
544
214
622
694
177
473
1879
1590
1506
1785
1700
489
1359
2037
338
576
1313
1065
2025
241
1764
1109
1802
992
766
1836
1391
1861
762
1282
1728
73
1539
703
1508
1801
729
512
1569
685
9
790
1767
1445
1431
17
808
876
923
1796
674
1638
166
1537
765
1122
212
794
1964
180
148
1621
2009
864
1968
1175
652
1013
1091
1848
428
1857
287
1099
1083
94
1603
1790
519
1182
198
852
1884
1531
234
744
637
1916
1911
993
522
1307
162
105
394
1616
1656
1032
1126
548
1026
1333
1403
1686
1265
1044
646
27
1561
1523
1007
1254
57
583
866
780
1905
1653
571
597
1051
632
958
1635
1020
1152
1271
1198
693
377
199
1704
1804
1524
691
1652
1494
35
1418
1251
662
1140
1212
1953
575
1847
563
1862
1482
359
363
777
249
807
1060
1665
1528
1949
1952
1765
407
1055
938
1303
465
712
1407
1197
1206
965
244
410
600
784
430
1837
539
69
258
907
910
1851
541
1422
2028
700
1227
1549
823
1006
1833
1001
1110
441
1648
736
868
1234
557
269
53
1745
1378
1018
322
897
237
1317
826
559
1479
178
1481
1009
892
1574
1955
413
293
1993
1535
1288
1670
2000
627
32
1181
1948
228
1358
1298
302
738
1089
565
273
1712
415
1375
631
125
1606
1427
961
761
1263
419
1297
1718
1056
1759
1475
1097
881
1259
311
1511
1332
540
1811
458
973
1186
1602
43
1
588
1258
1373
499
344
1617
1534
991
747
733
951
1822
487
1924
324
1016
65
1382
1877
1428
1731
1236
423
1941
1834
996
1308
435
1919
751
656
746
944
1318
111
1841
1780
376
278
417
1111
1748
314
168
750
602
814
1560
1166
247
1034
1502
137
1725
605
1710
647
558
1707
726
1491
320
1689
1129
1349
1698
684
834
330
432
22
955
753
1429
1169
63
1381
786
1470
875
1805
1902
755
1379
553
42
1183
1849
0
1660
1370
1061
1393
153
1827
1505
1929
806
1722
1174
1987
1033
1341
1218
1054
941
47
349
371
1067
1870
264
1854
1211
471
878
2022
1750
1887
1567
713
1662
1706
1325
307
1900
845
1571
1036
1786
1086
980
1233
1599
1075
556
1980
1415
793
1668
1102
1882
68
215
515
1095
85
250
312
1412
930
1657
1760
877
1410
1770
1551
406
1355
1149
702
347
1536
983
1074
1622
526
217
1409
1159
5
1632
898
374
304
783
595
1079
1694
440
906
476
117
891
802
1463
1747
1435
1384
1808
1320
188
950
2023
263
122
1784
1117
1778
431
1162
1062
1938
1121
758
59
461
964
1994
388
2021
364
885
290
1148
2006
1772
1336
1726
20
165
157
1663
615
1021
169
796
2
818
397
1580
1144
1691
1743
454
578
1967
1756
194
1187
1294
2029
1476
1828
1679
1856
1130
1352
380
599
1681
439
610
772
1970
972
223
914
1761
1587
321
1490
1293
927
2020
681
752
718
1331
879
505
1513
1280
1413
1484
466
1716
978
1273
1610
19
708
481
84
1176
1659
491
455
186
2047
24
1120
39
127
132
573
839
1554
854
872
1064
1909
396
206
1951
1880
785
589
1260
896
1812
1146
1246
1817
2001
1135
470
1453
1243
936
395
743
517
2024
664
641
1498
1517
52
87
1184
787
222
582
1921
1910
1944
585
939
1362
90
581
1406
1791
954
179
1544
1855
313
668
756
1934
1115
1550
1593
1520
816
193
594
1137
1232
1850
1220
97
1039
792
1696
804
192
598
118
1529
1402
501
1693
209
1371
859
1249
721
882
123
236
221
1620
742
900
1939
989
911
617
1173
296
1343
1335
1525
1598
1456
2013
1219
1374
23
181
525
1643
1237
1727
229
653
1559
41
999
348
303
1690
669
1127
1891
1290
2011
1489
89
1093
789
156
1368
486
635
1579
400
339
1997
1922
1030
